-,-,-
50.292969, -49.072266, 1010.742188
81.542969, -19.775391, 1152.343750
39.550781, -31.982422, 1083.984375
70.800781, 57.617188, 1326.660156
-11.962891, 40.039062, 1225.585938
-86.181641, -18.798828, 1369.140625
-202.880859, -46.630859, 1252.929688
-302.001953, -62.744141, 1138.671875
-378.662109, -36.865234, 1131.347656
-394.287109, -38.330078, 1058.593750
-429.931641, -23.193359, 954.589844
-444.091797, -26.123047, 909.179688
-387.939453, -15.380859, 816.406250
-318.603516, -16.845703, 761.230469
-244.873047, 14.648438, 715.820312
-112.548828, 30.273438, 601.562500
-13.916016, 54.687500, 528.808594
124.023438, 57.617188, 583.984375
195.312500, 82.519531, 615.234375
288.574219, 77.148438, 646.484375
320.312500, 71.777344, 668.945312
403.808594, 130.371094, 678.222656
424.804688, 84.960938, 771.484375
450.683594, 92.773438, 841.796875
411.132812, 25.390625, 930.664062
456.054688, 53.710938, 973.632812
411.132812, -57.373047, 1029.296875
355.957031, -73.974609, 1150.390625
296.386719, -90.576172, 1231.445312
154.296875, -35.888672, 1261.718750
57.128906, -53.466797, 1311.035156
38.574219, -42.724609, 1263.183594
-,-,-
100.097656, -49.072266, 1015.625000
105.468750, -53.466797, 1070.800781
122.070312, -46.630859, 1112.792969
86.914062, -60.302734, 1246.582031
59.082031, -70.068359, 1190.429688
-23.681641, -60.302734, 1251.953125
-129.638672, -75.927734, 1261.718750
-265.380859, -83.251953, 1291.992188
-364.501953, -83.251953, 1192.382812
-369.873047, -7.080078, 1067.871094
-454.345703, -13.916016, 1013.671875
-437.744141, 16.113281, 887.695312
-442.138672, -35.888672, 928.710938
-377.685547, -25.146484, 812.500000
-276.123047, 17.089844, 737.304688
-188.232422, 47.851562, 721.679688
-103.759766, 35.156250, 677.734375
-38.330078, 55.664062, 682.617188
19.042969, 40.039062, 669.921875
90.820312, 92.773438, 681.640625
151.367188, 124.511719, 636.718750
227.539062, 130.859375, 657.226562
297.851562, 121.582031, 650.390625
385.742188, 128.906250, 663.085938
412.109375, 146.484375, 705.078125
429.199219, 117.675781, 824.707031
445.800781, 134.765625, 953.125000
400.390625, 71.289062, 1037.109375
275.390625, 20.996094, 1110.839844
236.328125, -15.380859, 1093.750000
125.976562, -39.794922, 1173.339844
142.089844, 31.738281, 1185.546875
61.523438, -3.662109, 1166.992188
-17.822266, -25.146484, 1224.121094
3.906250, -2.685547, 1151.367188
-50.537109, -49.072266, 1179.199219
-97.900391, -8.544922, 1221.191406
-82.763672, -91.552734, 1036.132812
-,-,-
-27.587891, -24.169922, 996.093750
21.972656, -53.955078, 969.726562
-6.103516, -36.865234, 1038.085938
71.777344, -26.123047, 1100.585938
92.773438, -32.470703, 1115.234375
118.652344, -23.681641, 1158.203125
60.546875, -33.447266, 1198.730469
31.738281, -71.533203, 1198.730469
-2.685547, -24.169922, 1178.222656
-59.326172, -48.095703, 1131.835938
-117.919922, -44.677734, 1112.792969
-241.943359, -9.521484, 1058.593750
-258.056641, 41.015625, 1063.476562
-310.302734, 49.316406, 969.726562
-310.791016, 64.941406, 983.398438
-312.255859, 55.664062, 922.851562
-266.357422, 56.640625, 913.574219
-243.896484, 26.367188, 903.320312
-156.982422, 31.250000, 821.289062
-111.572266, 63.476562, 763.183594
-33.935547, 50.292969, 752.929688
-5.615234, 41.992188, 723.632812
46.386719, 42.968750, 719.238281
87.402344, 35.644531, 708.984375
185.058594, 79.101562, 722.656250
233.398438, 89.843750, 700.683594
298.828125, 134.765625, 725.585938
304.687500, 81.542969, 770.507812
339.355469, 121.582031, 827.636719
322.753906, 56.640625, 918.457031
346.191406, 90.820312, 926.757812
309.082031, 25.390625, 987.304688
307.617188, 42.968750, 1028.320312
281.738281, -28.076172, 1133.300781
275.878906, -5.615234, 1159.179688
250.000000, 19.531250, 1180.664062
153.320312, -9.521484, 1137.695312
122.070312, 8.789062, 1078.125000
36.132812, -34.423828, 1150.390625
12.695312, -18.798828, 1095.703125
-82.763672, -17.822266, 1108.886719
-98.388672, -52.001953, 1138.671875
-111.572266, -5.615234, 1085.937500
-88.623047, -84.716797, 1017.578125
-,-,-
27.343750, -45.654297, 992.187500
48.828125, -31.005859, 1008.300781
9.765625, 27.343750, 1081.054688
19.531250, -15.380859, 1108.886719
16.601562, -15.380859, 1117.187500
18.554688, -17.333984, 1116.210938
-2.197266, -39.794922, 1096.679688
-29.052734, -38.818359, 1102.539062
-89.599609, -46.630859, 1063.476562
-93.017578, -18.798828, 1041.015625
-169.677734, -13.427734, 1096.679688
-199.462891, 7.812500, 1072.265625
-216.064453, 3.417969, 1044.433594
-228.271484, 46.386719, 1114.257812
-244.873047, 22.460938, 1056.640625
-255.615234, 38.085938, 1044.433594
-242.919922, 28.320312, 1057.617188
-204.833984, 9.765625, 987.304688
-122.802734, 47.851562, 962.402344
-101.318359, 0.488281, 863.281250
-44.677734, 42.968750, 781.738281
-11.474609, 32.714844, 736.328125
28.808594, 91.796875, 725.585938
46.875000, 47.363281, 720.703125
114.746094, 90.332031, 716.308594
134.765625, 86.914062, 740.722656
230.957031, 97.656250, 668.945312
269.042969, 123.535156, 744.628906
266.601562, 80.078125, 712.890625
267.089844, 115.234375, 773.437500
226.562500, 116.210938, 835.937500
250.976562, 89.843750, 937.988281
249.023438, 82.031250, 920.898438
250.976562, 80.078125, 994.140625
254.394531, 33.691406, 1007.324219
287.109375, 33.691406, 1024.902344
266.601562, -22.216797, 1097.656250
254.394531, -18.798828, 1158.691406
254.394531, -72.998047, 1050.292969
205.566406, -18.310547, 1098.632812
125.000000, -45.166016, 1136.230469
88.867188, -75.927734, 1114.257812
13.671875, -80.810547, 1154.296875
-71.044922, -28.076172, 1221.191406
-59.326172, -36.376953, 1064.453125
-106.201172, 3.417969, 972.656250
-128.173828, -68.115234, 1026.855469
-,-,-
23.437500, -12.451172, 1006.835938
29.296875, -24.169922, 983.398438
55.664062, -5.126953, 1043.457031
65.429688, -11.474609, 1022.949219
93.261719, -9.521484, 1097.656250
71.777344, -44.677734, 1101.562500
67.382812, -34.423828, 1125.976562
26.855469, -41.748047, 1149.414062
17.578125, -42.724609, 1157.714844
-41.748047, -35.888672, 1193.359375
-63.720703, -5.615234, 1195.800781
-122.802734, -12.451172, 1142.578125
-159.423828, -12.451172, 1149.414062
-266.357422, -2.685547, 1039.550781
-320.068359, 22.460938, 1034.179688
-348.388672, 8.789062, 1007.812500
-315.185547, 40.039062, 961.425781
-256.591797, 15.136719, 881.835938
-186.279297, 48.828125, 820.312500
-141.357422, 19.531250, 806.152344
-92.529297, 31.738281, 765.625000
-15.869141, 3.906250, 714.843750
20.507812, 12.695312, 679.687500
59.570312, 23.437500, 636.718750
171.875000, 80.078125, 670.898438
144.042969, 90.820312, 630.371094
212.402344, 96.679688, 729.492188
235.351562, 83.007812, 781.738281
269.042969, 159.179688, 818.359375
270.019531, 95.703125, 875.976562
300.781250, 124.023438, 962.890625
252.441406, 65.429688, 950.195312
300.292969, 91.796875, 1047.363281
234.375000, 18.066406, 963.867188
257.812500, 9.765625, 1023.437500
211.425781, 11.718750, 1089.355469
182.128906, -60.302734, 1106.445312
191.894531, 17.089844, 1186.523438
137.695312, 21.484375, 1172.851562
66.894531, -26.123047, 1165.039062
-31.005859, -59.326172, 1119.140625
-110.107422, -72.998047, 1146.484375
-170.654297, -49.560547, 1161.132812
-,-,-
-62.744141, -34.423828, 977.050781
-29.052734, -24.169922, 1000.976562
-9.521484, -33.447266, 1021.484375
46.875000, -31.005859, 1081.542969
49.804688, -15.380859, 1103.515625
59.570312, -10.498047, 1100.585938
-4.638672, -49.072266, 1136.718750
-24.658203, -16.845703, 1146.484375
-95.947266, -49.072266, 1174.316406
-127.197266, -24.169922, 1190.429688
-172.607422, -22.216797, 1142.578125
-200.439453, -35.400391, 1119.140625
-266.357422, -28.076172, 1034.179688
-249.755859, 29.296875, 1038.085938
-295.166016, 9.765625, 990.234375
-283.935547, 14.648438, 922.851562
-273.193359, 32.226562, 888.671875
-227.783203, 31.250000, 879.882812
-187.255859, 36.132812, 837.890625
-115.478516, 46.386719, 834.960938
-92.529297, 46.386719, 802.734375
-3.662109, 66.894531, 760.742188
5.859375, 41.015625, 735.351562
40.039062, 28.320312, 753.906250
85.937500, 25.390625, 673.828125
154.296875, 81.054688, 666.992188
200.683594, 104.492188, 696.777344
285.644531, 140.625000, 668.945312
286.621094, 96.679688, 777.343750
307.128906, 135.253906, 778.808594
272.460938, 103.515625, 895.507812
265.625000, 68.847656, 921.875000
271.972656, 97.656250, 1045.410156
244.140625, 18.554688, 1039.062500
240.234375, -5.615234, 1154.785156
255.859375, -21.728516, 1065.429688
235.839844, 28.320312, 1147.460938
209.472656, -4.638672, 1149.414062
141.113281, 3.417969, 1150.390625
39.062500, -16.845703, 1182.617188
-3.173828, -36.865234, 1082.031250
-70.068359, 4.394531, 1196.777344
-164.306641, -24.169922, 1176.269531
-117.431641, 8.789062, 1064.453125
-88.623047, 40.039062, 989.257812
-,-,-
0.488281, -2.685547, 1000.488281
34.667969, 32.226562, 1058.593750
58.593750, -3.662109, 1040.039062
107.421875, 19.042969, 1093.750000
137.695312, 31.250000, 1158.203125
86.914062, -7.568359, 1128.906250
29.296875, 0.976562, 1133.300781
-67.626953, -11.474609, 1257.812500
-116.943359, -45.654297, 1186.523438
-194.091797, -32.958984, 1197.753906
-216.064453, 2.929688, 1138.671875
-298.583984, -12.451172, 1088.378906
-339.599609, 16.601562, 1032.226562
-355.224609, 22.460938, 947.265625
-344.482422, -4.638672, 848.144531
-324.462891, 17.578125, 871.582031
-293.701172, -16.357422, 794.921875
-215.087891, 32.714844, 797.851562
-140.380859, 19.531250, 768.066406
-47.119141, 56.640625, 806.152344
-8.056641, 38.085938, 796.875000
50.781250, 53.222656, 778.320312
73.242188, 49.316406, 781.738281
160.156250, 96.679688, 757.812500
202.148438, 101.074219, 714.843750
227.539062, 103.515625, 704.101562
207.519531, 86.425781, 686.523438
256.347656, 111.328125, 791.015625
220.703125, 115.234375, 834.960938
223.144531, 100.097656, 934.570312
200.683594, 97.656250, 941.406250
210.937500, 82.519531, 1103.515625
163.085938, 48.828125, 1095.703125
135.253906, 13.671875, 1202.148438
123.535156, 20.996094, 1148.437500
62.500000, 68.847656, 1241.699219
36.132812, 76.171875, 1250.976562
-0.244141, 53.710938, 1150.390625
-48.095703, -18.310547, 1097.656250
-43.701172, 3.906250, 1069.824219
-94.482422, -22.216797, 1045.410156
-117.919922, -17.333984, 1018.554688
-165.283203, -2.685547, 1098.632812
-,-,-
-47.119141, -6.591797, 1087.402344
8.789062, -5.615234, 1042.480469
29.785156, 23.437500, 1074.707031
33.203125, 21.484375, 1110.839844
20.507812, 0.000000, 1104.492188
-13.427734, 6.835938, 1198.730469
-76.904297, -26.123047, 1198.730469
-126.220703, -54.443359, 1186.523438
-165.283203, -51.025391, 1195.312500
-205.810547, -53.955078, 1110.839844
-259.521484, -17.333984, 1044.433594
-341.064453, -47.607422, 1057.617188
-357.177734, 4.882812, 930.664062
-364.013672, 19.531250, 926.757812
-330.810547, 40.039062, 910.644531
-262.939453, 36.621094, 863.281250
-220.947266, 35.644531, 883.789062
-176.025391, 44.921875, 869.140625
-105.224609, 27.343750, 822.265625
-65.673828, 53.710938, 805.175781
-2.197266, 67.871094, 772.460938
14.648438, 73.242188, 772.460938
35.156250, 55.664062, 765.625000
102.050781, 79.101562, 751.953125
117.675781, 69.824219, 751.953125
170.898438, 94.726562, 775.390625
148.925781, 94.726562, 712.890625
150.878906, 81.054688, 836.914062
146.972656, 49.316406, 830.566406
217.773438, 82.031250, 907.714844
168.457031, 106.445312, 906.250000
237.792969, 89.843750, 980.957031
186.035156, 28.320312, 1067.871094
184.082031, -24.169922, 1129.882812
197.265625, -12.451172, 1041.992188
129.394531, 7.812500, 1155.761719
86.425781, -4.638672, 1206.054688
31.738281, -45.166016, 1097.656250
-7.080078, -51.025391, 1187.500000
-159.423828, -42.724609, 1245.605469
-209.228516, -22.216797, 1170.898438
-,-,-
-6.591797, -22.216797, 1025.878906
28.808594, -3.662109, 979.980469
30.761719, -8.544922, 992.187500
83.007812, 15.625000, 1049.804688
91.796875, 20.507812, 1132.324219
55.175781, 19.531250, 1166.015625
-20.263672, -8.544922, 1193.359375
-80.810547, 3.906250, 1154.785156
-136.474609, 10.742188, 1131.347656
-167.724609, 14.648438, 1140.625000
-213.134766, -15.380859, 1123.046875
-189.208984, 19.531250, 1034.179688
-244.384766, 16.601562, 1024.902344
-238.525391, -9.521484, 991.210938
-270.751953, 33.691406, 994.140625
-240.478516, 15.625000, 1010.742188
-233.154297, 28.808594, 990.234375
-184.814453, 46.386719, 926.757812
-184.814453, 12.695312, 918.457031
-117.431641, -2.685547, 886.718750
-61.279297, 37.109375, 776.367188
21.484375, 26.367188, 754.882812
44.921875, 6.835938, 653.808594
107.421875, 36.132812, 624.023438
156.250000, 88.867188, 599.609375
172.851562, 84.472656, 590.332031
230.468750, 133.789062, 660.156250
208.984375, 88.867188, 715.332031
200.195312, 119.628906, 849.121094
193.359375, 86.425781, 875.976562
205.566406, 128.906250, 998.046875
192.871094, 84.960938, 1047.851562
183.593750, 77.148438, 1134.277344
216.796875, 46.386719, 1170.898438
197.753906, 73.242188, 1181.640625
163.085938, 41.015625, 1117.187500
81.542969, -9.521484, 1151.367188
11.718750, 13.183594, 1193.359375
-34.912109, -47.119141, 1163.085938
-73.974609, -97.412109, 1136.230469
-,-,-
-11.474609, 14.648438, 1025.878906
7.812500, 31.250000, 1103.515625
21.972656, 0.488281, 1003.417969
7.812500, 3.417969, 1096.679688
-22.216797, 3.906250, 1160.156250
-31.494141, -9.521484, 1125.976562
-50.048828, -31.005859, 1173.339844
-118.408203, -69.580078, 1260.742188
-159.423828, -48.583984, 1123.046875
-252.197266, -45.654297, 1204.101562
-282.958984, -52.001953, 1132.324219
-294.677734, -14.892578, 1049.804688
-323.974609, 19.531250, 1048.828125
-293.701172, 11.718750, 965.820312
-272.216797, 36.132812, 893.066406
-238.525391, 9.765625, 894.042969
-195.068359, -4.638672, 866.210938
-139.404297, 11.718750, 850.097656
-72.021484, 25.390625, 788.574219
-22.705078, 57.617188, 747.070312
27.343750, 72.265625, 760.742188
31.738281, 63.964844, 708.984375
95.214844, 90.820312, 737.304688
104.003906, 85.449219, 689.453125
165.039062, 162.109375, 756.835938
159.179688, 129.882812, 698.730469
177.734375, 149.414062, 739.746094
161.132812, 136.230469, 750.976562
147.460938, 122.558594, 836.914062
179.687500, 116.699219, 863.281250
242.187500, 129.882812, 880.859375
261.230469, 165.039062, 946.289062
338.867188, 137.695312, 983.886719
302.246094, 45.898438, 1094.238281
322.265625, 78.125000, 1194.335938
292.968750, 70.312500, 1147.460938
171.875000, 33.691406, 1217.773438
136.718750, 32.226562, 1191.406250
33.203125, -23.193359, 1153.808594
17.089844, -16.845703, 1118.164062
-51.513672, -23.193359, 1052.734375
-,-,-
-14.404297, 20.507812, 1062.500000
19.042969, -7.080078, 1106.933594
43.457031, 33.691406, 930.664062
64.941406, -19.287109, 1052.734375
85.449219, -12.451172, 1119.140625
-1.220703, -23.193359, 1193.359375
-22.705078, -42.724609, 1194.824219
-88.134766, -58.349609, 1213.867188
-126.220703, -54.443359, 1168.945312
-136.962891, -69.580078, 1135.742188
-156.982422, -19.775391, 1142.578125
-215.087891, -23.193359, 1063.476562
-271.240234, -11.474609, 990.234375
-279.052734, -10.498047, 973.632812
-288.818359, 30.273438, 936.035156
-271.240234, 14.160156, 935.058594
-205.810547, 76.171875, 892.089844
-154.052734, 39.550781, 873.535156
-114.990234, 47.851562, 866.210938
-78.369141, 39.062500, 801.757812
-33.935547, 80.566406, 814.453125
8.789062, 78.125000, 796.875000
51.757812, 87.890625, 783.691406
65.429688, 80.078125, 786.621094
119.628906, 77.148438, 750.000000
104.492188, 107.910156, 744.140625
130.859375, 80.078125, 741.699219
119.628906, 133.300781, 707.031250
155.761719, 135.253906, 776.367188
142.578125, 90.820312, 813.476562
196.289062, 89.843750, 804.199219
177.734375, 150.390625, 939.941406
247.070312, 88.867188, 948.242188
279.785156, 61.523438, 1010.742188
244.140625, -21.240234, 1082.031250
222.656250, 10.742188, 1174.316406
152.343750, -18.798828, 1225.097656
74.218750, 21.484375, 1193.359375
-5.615234, 18.554688, 1158.203125
-102.783203, -29.052734, 1178.710938
-194.091797, -43.701172, 1173.828125
-224.853516, -16.357422, 1156.738281
-170.654297, 7.324219, 1063.476562
-133.544922, 3.417969, 1050.781250
-,-,-
16.113281, -15.869141, 1016.601562
10.742188, 31.250000, 1144.531250
41.503906, 1.464844, 996.093750
73.242188, 22.460938, 1023.925781
44.921875, 0.488281, 1132.324219
-9.521484, -2.685547, 1177.246094
-35.888672, -19.775391, 1185.546875
-93.017578, -12.451172, 1239.257812
-158.447266, -70.068359, 1225.097656
-151.611328, -33.447266, 1176.269531
-191.650391, -4.638672, 1185.546875
-235.107422, -12.451172, 1064.453125
-276.611328, 12.695312, 999.023438
-280.029297, 48.339844, 977.050781
-296.630859, 39.062500, 912.597656
-253.173828, 56.640625, 893.066406
-235.107422, 57.617188, 835.937500
-193.115234, 73.242188, 820.312500
-125.732422, 46.875000, 764.160156
-84.716797, 86.425781, 793.945312
-43.701172, 75.195312, 772.460938
15.136719, 113.281250, 745.117188
21.972656, 83.984375, 787.109375
114.746094, 90.820312, 743.164062
129.882812, 118.652344, 713.867188
134.277344, 146.484375, 728.515625
157.226562, 149.414062, 726.562500
148.925781, 145.019531, 755.859375
144.042969, 197.265625, 839.843750
162.109375, 127.929688, 768.066406
164.062500, 185.058594, 995.117188
139.648438, 144.531250, 1003.417969
212.402344, 155.273438, 999.023438
180.175781, 90.820312, 1118.164062
123.046875, 75.195312, 1124.023438
90.820312, 69.824219, 1086.914062
46.386719, 7.812500, 1061.523438
-69.580078, 33.691406, 1074.218750
-82.763672, 42.968750, 1134.765625
-156.494141, 46.875000, 1152.832031
-297.607422, -57.373047, 1428.710938
-,-,-
51.269531, -12.451172, 979.980469
103.027344, 43.945312, 1066.406250
91.796875, 35.644531, 1064.453125
83.984375, -2.197266, 1126.953125
11.718750, 11.718750, 1197.265625
-28.076172, -43.212891, 1209.960938
-90.087891, -52.978516, 1175.292969
-155.029297, -71.533203, 1197.265625
-239.501953, -52.978516, 1213.867188
-271.728516, -8.544922, 1189.453125
-328.369141, -10.498047, 1101.562500
-372.802734, 47.363281, 970.703125
-327.880859, 76.171875, 975.585938
-323.974609, 54.687500, 952.148438
-247.802734, 27.832031, 950.195312
-210.693359, 11.718750, 848.144531
-120.361328, 10.742188, 852.539062
-89.599609, 18.554688, 734.375000
2.929688, 83.007812, 750.976562
0.488281, 110.351562, 733.398438
-3.662109, 49.316406, 668.945312
6.347656, 66.894531, 641.601562
5.859375, 51.269531, 633.789062
118.652344, 138.183594, 658.203125
104.492188, 131.835938, 616.210938
152.343750, 171.386719, 714.355469
130.859375, 114.257812, 776.367188
194.335938, 166.503906, 878.906250
194.335938, 150.878906, 976.562500
240.234375, 150.878906, 1017.578125
270.996094, 193.359375, 1103.515625
251.953125, 134.277344, 1153.320312
180.664062, 61.523438, 1201.171875
185.546875, 54.199219, 1170.410156
154.296875, 108.398438, 1184.570312
32.714844, 34.179688, 1188.476562
17.089844, 90.820312, 1197.753906
-72.509766, 30.761719, 1161.132812
-114.990234, -5.615234, 1098.632812
-,-,-
-59.326172, 46.875000, 1041.015625
84.472656, 76.171875, 1010.742188
105.957031, 34.667969, 1025.878906
97.167969, -9.521484, 1133.300781
9.765625, 4.394531, 1188.476562
-39.306641, -47.607422, 1195.800781
-90.576172, -12.451172, 1208.984375
-172.119141, -33.447266, 1295.898438
-267.822266, -71.044922, 1273.437500
-256.591797, 1.953125, 1190.429688
-322.998047, -6.591797, 1106.445312
-308.837891, 4.882812, 1066.894531
-340.576172, 37.109375, 951.171875
-309.814453, 47.851562, 959.472656
-316.650391, 30.761719, 845.703125
-265.869141, 63.476562, 821.289062
-256.591797, 25.390625, 801.757812
-171.630859, 25.390625, 777.343750
-133.056641, 30.273438, 702.148438
-59.326172, 64.941406, 714.355469
-16.357422, 54.687500, 678.222656
56.152344, 103.515625, 611.328125
47.363281, 106.445312, 731.445312
90.332031, 123.535156, 656.738281
109.375000, 163.085938, 730.468750
163.085938, 160.156250, 734.375000
208.984375, 229.492188, 709.960938
249.511719, 162.597656, 820.312500
299.316406, 153.320312, 878.906250
288.085938, 161.132812, 886.718750
376.464844, 172.851562, 1023.925781
288.085938, 103.027344, 1014.648438
236.328125, 67.871094, 1202.148438
184.082031, 62.500000, 1143.554688
113.769531, 3.417969, 1149.414062
1.464844, 41.015625, 1208.007812
-118.408203, -43.701172, 1217.773438
-177.001953, -64.208984, 1281.250000
-307.373047, -16.845703, 1423.828125
-222.900391, -11.962891, 1143.554688
-231.689453, 39.062500, 1061.523438
-,-,-
8.789062, -102.294922, 963.867188
30.761719, 2.929688, 1039.062500
70.312500, -67.138672, 1093.261719
101.562500, -5.615234, 1047.851562
78.613281, -10.498047, 1037.109375
31.738281, -16.845703, 1100.585938
-40.283203, 11.718750, 1155.761719
-105.712891, -4.638672, 1151.855469
-124.755859, -10.498047, 1189.453125
-213.623047, -52.001953, 1220.214844
-228.271484, -8.544922, 1222.167969
-333.251953, -24.169922, 1183.593750
-297.607422, -18.310547, 1139.648438
-347.900391, -19.287109, 1068.847656
-309.326172, 54.687500, 1060.546875
-303.466797, 26.367188, 948.242188
-233.154297, 8.789062, 873.535156
-215.087891, 14.648438, 772.460938
-154.052734, 27.832031, 776.367188
-119.873047, 1.464844, 624.023438
-58.349609, 43.945312, 588.867188
-23.681641, 44.921875, 538.085938
49.804688, 44.921875, 615.234375
75.195312, 76.171875, 641.601562
134.765625, 139.648438, 673.339844
148.437500, 111.328125, 723.632812
162.109375, 140.625000, 827.636719
217.773438, 129.882812, 915.527344
245.605469, 144.531250, 957.519531
244.628906, 127.929688, 966.796875
181.640625, 100.097656, 1021.484375
188.964844, 102.539062, 1090.332031
220.703125, 62.500000, 1146.484375
183.105469, 74.218750, 1071.289062
131.835938, 47.851562, 1145.507812
47.363281, 24.414062, 1156.738281
-20.263672, 14.160156, 1183.593750
-148.193359, -2.685547, 1228.515625
-281.982422, -51.513672, 1234.375000
-,-,-
16.113281, 14.648438, 1033.203125
59.570312, -3.662109, 994.140625
62.988281, 6.835938, 1036.132812
47.363281, 3.417969, 1136.718750
3.906250, -13.427734, 1179.687500
-49.072266, -23.193359, 1184.570312
-108.154297, -53.955078, 1210.937500
-162.841797, -28.076172, 1208.984375
-179.931641, -27.099609, 1225.585938
-217.529297, -31.494141, 1140.625000
-259.521484, 18.066406, 1102.539062
-311.767578, 27.343750, 1024.902344
-305.419922, 62.500000, 998.046875
-317.626953, 58.593750, 957.519531
-282.958984, 64.453125, 877.929688
-266.357422, 76.171875, 843.750000
-212.646484, 64.941406, 810.546875
-183.837891, 58.593750, 789.062500
-83.740234, 93.750000, 750.976562
-72.509766, 77.148438, 722.167969
-9.033203, 117.187500, 727.539062
-5.615234, 100.097656, 704.101562
54.687500, 100.097656, 705.078125
91.796875, 165.527344, 685.546875
131.835938, 143.554688, 722.656250
160.156250, 213.867188, 699.707031
231.445312, 211.914062, 771.484375
263.671875, 184.570312, 777.343750
278.320312, 189.453125, 791.992188
242.187500, 202.636719, 902.343750
301.757812, 177.734375, 966.796875
253.906250, 132.812500, 1115.234375
217.773438, 95.703125, 1215.820312
204.101562, 63.476562, 1152.343750
111.328125, 78.125000, 1177.246094
-16.845703, 68.847656, 1250.000000
-136.474609, 29.296875, 1232.421875
-177.978516, -30.029297, 1198.730469
-,-,-
40.527344, -27.099609, 1064.453125
56.640625, -19.287109, 1041.015625
76.660156, 8.789062, 1034.179688
70.312500, 11.718750, 1052.734375
44.433594, -14.892578, 1156.738281
11.718750, -4.638672, 1220.214844
-47.607422, -21.240234, 1232.421875
-107.177734, -30.029297, 1253.906250
-169.677734, -24.169922, 1241.699219
-208.251953, 20.507812, 1196.289062
-343.017578, 19.531250, 1146.484375
-334.228516, 44.921875, 1075.683594
-433.349609, 80.078125, 974.609375
-402.587891, 83.496094, 906.250000
-383.544922, 91.796875, 857.421875
-326.416016, 71.289062, 846.191406
-266.357422, 52.246094, 822.265625
-195.068359, 68.847656, 767.578125
-127.197266, 33.691406, 727.539062
-54.931641, 100.097656, 708.007812
-18.798828, 75.195312, 668.945312
41.992188, 91.796875, 715.820312
60.546875, 64.453125, 683.593750
122.070312, 174.804688, 652.832031
137.207031, 187.988281, 619.140625
155.273438, 187.011719, 637.695312
172.851562, 219.238281, 774.414062
212.402344, 198.242188, 800.781250
282.714844, 230.957031, 877.929688
311.523438, 283.203125, 964.843750
342.285156, 274.414062, 1120.117188
352.050781, 205.078125, 1154.785156
294.433594, 135.742188, 1163.085938
190.917969, 114.257812, 1183.593750
89.843750, 74.218750, 1132.324219
-32.958984, 78.125000, 1154.785156
-111.083984, 82.031250, 1143.554688
-201.904297, 29.296875, 1183.593750
-,-,-
50.292969, 12.695312, 1028.320312
96.191406, 17.578125, 1073.730469
76.660156, -14.404297, 1001.464844
76.660156, 22.460938, 1121.093750
11.230469, 14.648438, 1172.851562
-39.306641, 9.765625, 1195.312500
-128.662109, -7.568359, 1273.437500
-150.634766, 7.812500, 1298.828125
-192.626953, -17.822266, 1183.593750
-165.283203, 34.667969, 1149.414062
-250.732422, 46.386719, 1125.000000
-277.587891, 59.570312, 1043.457031
-308.349609, 111.328125, 963.867188
-318.603516, 149.414062, 998.046875
-294.189453, 65.429688, 865.234375
-218.017578, 102.539062, 762.207031
-217.529297, 68.847656, 803.710938
-142.822266, 45.410156, 718.261719
-119.384766, 101.562500, 712.890625
-67.138672, 112.304688, 715.332031
-87.158203, 107.421875, 743.652344
-7.080078, 141.601562, 758.789062
6.835938, 111.328125, 784.667969
88.378906, 164.550781, 786.132812
113.769531, 157.226562, 741.699219
205.078125, 217.285156, 734.375000
213.378906, 189.453125, 735.351562
277.832031, 186.035156, 792.968750
291.015625, 195.312500, 816.406250
279.785156, 226.562500, 857.421875
237.792969, 136.718750, 916.503906
212.890625, 117.675781, 1085.449219
243.652344, 101.074219, 1108.398438
226.562500, 101.074219, 1157.714844
182.617188, 114.257812, 1240.722656
4.882812, 116.210938, 1207.031250
-107.177734, 38.574219, 1225.585938
-245.361328, 33.691406, 1243.652344
-220.947266, -10.498047, 1208.007812
-,-,-
75.683594, 43.945312, 984.375000
104.980469, -43.701172, 1055.664062
152.343750, -1.220703, 1014.648438
120.605469, -16.357422, 1135.253906
89.843750, -0.244141, 1253.906250
-1.220703, -20.751953, 1241.699219
-102.783203, -28.076172, 1277.343750
-190.673828, -33.447266, 1285.644531
-246.337891, 5.371094, 1250.000000
-294.189453, 21.484375, 1094.726562
-426.025391, 47.851562, 1168.945312
-441.162109, 82.031250, 989.257812
-471.923828, 65.429688, 869.628906
-420.654297, 45.898438, 969.726562
-317.138672, 20.507812, 811.523438
-202.880859, 5.859375, 793.945312
-117.919922, 27.343750, 698.730469
-11.474609, 56.640625, 619.140625
25.878906, 74.218750, 662.109375
56.152344, 84.472656, 664.062500
57.617188, 82.519531, 677.246094
104.492188, 148.437500, 723.632812
148.437500, 190.429688, 725.585938
163.085938, 218.261719, 750.976562
183.593750, 228.515625, 821.289062
194.335938, 166.503906, 782.714844
184.570312, 197.265625, 835.937500
219.726562, 149.414062, 864.257812
254.394531, 219.238281, 921.875000
252.929688, 180.664062, 897.460938
228.515625, 174.804688, 1080.078125
244.628906, 69.824219, 1182.617188
212.402344, 74.218750, 1054.687500
100.585938, 33.203125, 1161.132812
-2.685547, 81.054688, 1179.687500
-151.611328, 84.472656, 1146.484375
-177.001953, 48.828125, 1222.656250
-238.525391, 59.570312, 1208.007812
-,-,-
66.406250, -15.869141, 1013.671875
56.152344, 38.085938, 1145.507812
61.523438, 0.488281, 1047.851562
143.554688, 0.488281, 1132.324219
128.906250, -17.822266, 1104.492188
57.617188, 12.207031, 1145.507812
-75.439453, -16.845703, 1223.144531
-120.849609, 6.835938, 1285.644531
-177.978516, -27.099609, 1291.503906
-193.115234, -5.615234, 1222.167969
-193.115234, -24.169922, 1147.460938
-247.802734, 48.339844, 1129.882812
-275.146484, 0.976562, 999.023438
-310.791016, 31.738281, 922.851562
-338.623047, 29.296875, 867.187500
-304.443359, 51.757812, 813.476562
-278.564453, 39.062500, 770.507812
-204.833984, 31.250000, 763.183594
-193.603516, 69.335938, 751.953125
-101.806641, 60.546875, 726.562500
-72.509766, 86.914062, 718.261719
3.906250, 83.496094, 709.960938
9.277344, 69.335938, 711.914062
102.050781, 109.375000, 736.328125
145.507812, 142.578125, 688.476562
199.707031, 177.734375, 718.261719
239.257812, 130.859375, 728.515625
310.058594, 151.855469, 781.738281
406.738281, 225.585938, 800.781250
459.960938, 169.433594, 837.890625
439.453125, 220.703125, 886.718750
346.679688, 100.097656, 1135.742188
240.234375, 38.085938, 1211.914062
116.210938, 36.132812, 1153.808594
6.347656, 82.031250, 1164.062500
-104.248047, 89.843750, 1196.777344
-171.630859, 103.515625, 1272.460938
-155.029297, 75.195312, 1212.890625
-,-,-
-8.056641, 16.601562, 1479.492188
104.003906, 32.226562, 952.148438
155.761719, -25.146484, 1052.734375
130.859375, 7.812500, 1174.316406
104.003906, -47.607422, 1250.000000
6.347656, -28.076172, 1264.160156
-19.287109, -2.685547, 1284.667969
-165.283203, -46.630859, 1262.695312
-208.740234, 2.441406, 1279.296875
-263.427734, 11.718750, 1179.199219
-256.591797, 42.968750, 1050.781250
-326.416016, 65.429688, 977.539062
-324.462891, 83.984375, 927.734375
-319.580078, 46.875000, 817.382812
-302.001953, 18.554688, 801.757812
-275.146484, -3.662109, 762.207031
-202.880859, -2.685547, 723.632812
-134.033203, 37.109375, 691.406250
-69.091797, 30.273438, 720.703125
-14.404297, 79.101562, 711.914062
20.996094, 63.476562, 736.328125
65.917969, 56.640625, 755.859375
110.351562, 46.386719, 664.062500
212.402344, 204.101562, 667.968750
225.097656, 173.828125, 713.867188
309.082031, 196.289062, 721.191406
283.203125, 254.394531, 811.523438
351.562500, 250.000000, 858.886719
341.308594, 212.890625, 955.078125
367.187500, 261.718750, 1081.054688
295.410156, 131.835938, 1178.710938
257.324219, 131.835938, 1213.867188
158.691406, 137.695312, 1199.707031
32.226562, 105.468750, 1129.882812
-112.060547, 54.687500, 1108.398438
-142.333984, 41.015625, 1122.070312
-,-,-
-11.474609, 19.531250, 1114.257812
19.042969, -39.794922, 1002.441406
86.425781, -40.771484, 999.511719
77.148438, -70.068359, 1047.363281
105.468750, -32.958984, 1183.105469
35.156250, -103.271484, 1210.937500
-26.123047, -113.037109, 1252.929688
-155.029297, -106.689453, 1303.222656
-199.462891, -66.162109, 1285.156250
-260.009766, -115.478516, 1178.222656
-276.611328, -18.310547, 1129.882812
-329.833984, -38.330078, 985.351562
-347.412109, -15.869141, 892.578125
-404.052734, 24.414062, 856.445312
-344.482422, 13.671875, 817.382812
-301.513672, -11.474609, 788.085938
-216.064453, 38.085938, 857.421875
-119.384766, 65.917969, 774.414062
-42.724609, 87.890625, 808.105469
-4.150391, 91.796875, 769.531250
30.761719, 133.789062, 712.890625
63.964844, 125.000000, 747.070312
90.332031, 118.652344, 651.855469
109.375000, 95.703125, 641.601562
142.089844, 168.457031, 646.484375
175.292969, 150.878906, 648.925781
217.773438, 207.031250, 759.277344
227.539062, 205.078125, 826.171875
285.644531, 182.617188, 851.074219
305.664062, 208.984375, 994.140625
360.351562, 100.097656, 922.851562
338.867188, 117.675781, 1152.832031
292.968750, 83.007812, 1170.410156
228.515625, 3.906250, 1060.546875
128.417969, -2.685547, 1221.191406
62.011719, 32.714844, 1238.281250
-58.349609, 32.226562, 1253.906250
-181.884766, 70.800781, 1218.750000
-161.376953, -15.380859, 1232.421875
-,-,-
62.011719, -66.162109, 1005.371094
51.757812, -28.076172, 1119.140625
87.890625, -75.927734, 1168.945312
69.335938, -52.001953, 1135.742188
38.574219, -71.044922, 1138.183594
-15.380859, -57.373047, 1161.132812
-41.748047, -58.349609, 1166.015625
-138.427734, -56.396484, 1181.640625
-159.423828, 15.625000, 1141.601562
-241.943359, -5.615234, 1104.980469
-240.478516, 59.570312, 1057.617188
-306.396484, 29.296875, 1039.062500
-287.353516, 47.851562, 992.187500
-306.396484, 36.132812, 940.429688
-252.685547, 35.644531, 939.453125
-218.505859, -5.615234, 837.890625
-134.521484, 51.757812, 841.796875
-106.689453, 18.066406, 782.226562
-31.005859, 53.222656, 739.746094
-10.498047, 81.054688, 729.492188
33.203125, 38.085938, 658.203125
83.984375, 80.078125, 674.316406
108.886719, 78.125000, 656.250000
161.132812, 104.492188, 634.277344
174.316406, 146.484375, 690.429688
197.753906, 161.621094, 743.652344
205.566406, 210.937500, 881.835938
219.726562, 155.273438, 987.304688
295.410156, 143.554688, 922.851562
277.832031, 165.039062, 1019.531250
245.605469, 102.539062, 1096.191406
259.277344, 80.078125, 1091.308594
203.125000, 40.039062, 1067.871094
182.128906, 34.667969, 1090.332031
153.320312, 19.531250, 1105.957031
108.398438, 22.460938, 1017.578125
36.132812, 27.343750, 1097.656250
-16.357422, 42.968750, 1128.906250
-61.279297, 42.968750, 1115.234375
-193.115234, 44.921875, 1106.445312
-214.111328, 37.109375, 1128.906250
-182.861328, -9.521484, 1136.230469
-,-,-
-9.033203, -31.005859, 977.539062
37.597656, -31.005859, 1048.339844
74.218750, -25.146484, 1102.539062
74.707031, -41.748047, 1188.476562
19.531250, -17.822266, 1171.875000
-8.544922, -50.048828, 1135.742188
-69.580078, -52.978516, 1211.914062
-132.568359, -37.841797, 1227.539062
-148.681641, -36.376953, 1266.601562
-207.275391, -36.376953, 1170.898438
-227.294922, -30.517578, 1117.187500
-307.861328, -2.685547, 1068.847656
-261.962891, 52.734375, 983.398438
-283.935547, 53.222656, 971.679688
-250.732422, 36.132812, 930.175781
-279.052734, -3.662109, 812.500000
-235.107422, -18.798828, 771.484375
-201.904297, 17.089844, 683.593750
-86.669922, 35.644531, 616.699219
-59.326172, 48.828125, 622.070312
22.949219, 48.828125, 657.226562
67.382812, 56.640625, 683.593750
137.695312, 70.312500, 695.800781
159.179688, 68.847656, 587.402344
273.437500, 190.429688, 662.109375
303.222656, 218.261719, 766.601562
292.480469, 196.289062, 753.906250
240.722656, 271.484375, 947.265625
203.125000, 178.710938, 1098.632812
129.882812, 150.390625, 1181.640625
137.695312, 115.234375, 1238.281250
117.675781, 99.121094, 1154.296875
114.746094, 100.097656, 1126.953125
67.382812, 69.824219, 1115.234375
63.964844, 44.921875, 1103.515625
9.765625, -10.986328, 1028.808594
-57.373047, 17.578125, 1079.101562
-104.736328, 14.648438, 1115.234375
-,-,-
-3.662109, 57.617188, 1147.460938
48.339844, 18.066406, 995.117188
82.031250, -24.169922, 992.187500
124.023438, -12.451172, 1047.851562
85.937500, 6.347656, 1134.765625
61.035156, 3.906250, 1124.023438
-42.236328, -14.892578, 1179.687500
-135.009766, -5.615234, 1227.539062
-207.275391, -5.615234, 1251.953125
-250.732422, -16.845703, 1157.226562
-267.333984, 27.343750, 1076.171875
-338.623047, 36.132812, 1127.929688
-316.162109, 25.390625, 1024.902344
-344.482422, 63.476562, 993.164062
-309.814453, 59.570312, 1029.296875
-309.326172, 40.039062, 926.757812
-272.216797, 32.714844, 928.710938
-240.966797, 39.062500, 811.035156
-199.462891, 51.269531, 759.277344
-100.341797, 48.339844, 659.179688
-61.767578, 63.476562, 658.203125
-9.033203, 110.351562, 640.625000
-1.708984, 113.281250, 646.484375
60.546875, 144.531250, 668.945312
71.777344, 135.253906, 681.640625
185.058594, 197.265625, 677.734375
180.664062, 175.781250, 679.687500
255.859375, 187.011719, 787.109375
274.902344, 223.632812, 817.382812
291.992188, 255.859375, 942.382812
244.140625, 163.085938, 1053.710938
199.707031, 136.230469, 1194.824219
156.738281, 100.097656, 1146.484375
90.820312, 110.351562, 1139.160156
-17.822266, 40.039062, 1141.601562
-72.998047, 63.476562, 1160.156250
-150.146484, 70.800781, 1158.203125
-177.978516, 75.195312, 1189.453125
-,-,-
7.324219, -29.052734, 1024.902344
9.277344, -84.228516, 1041.992188
10.742188, -62.255859, 1051.269531
-3.173828, -59.326172, 1149.414062
-29.052734, -49.072266, 1161.621094
-58.349609, -41.748047, 1192.382812
-120.361328, -48.583984, 1149.414062
-199.951172, -21.240234, 1198.730469
-279.541016, -43.701172, 1185.546875
-314.208984, -1.220703, 1174.316406
-348.876953, -16.845703, 1082.031250
-375.244141, 7.812500, 1030.761719
-384.521484, 15.625000, 1010.742188
-333.251953, 48.339844, 934.082031
-307.861328, 41.015625, 926.757812
-226.318359, 99.121094, 832.031250
-218.505859, 75.195312, 783.691406
-167.724609, 56.640625, 783.691406
-100.341797, 62.500000, 724.609375
-22.705078, 125.000000, 739.257812
21.484375, 121.093750, 716.308594
62.011719, 140.625000, 678.710938
78.613281, 135.742188, 731.445312
145.019531, 164.062500, 650.878906
172.363281, 177.734375, 675.292969
180.664062, 225.585938, 690.429688
162.109375, 175.781250, 709.960938
128.906250, 177.734375, 786.621094
175.292969, 192.382812, 902.343750
183.105469, 114.257812, 884.765625
209.960938, 218.261719, 1015.625000
250.000000, 95.703125, 1047.851562
253.417969, 147.460938, 1185.546875
217.773438, 69.335938, 1202.636719
121.582031, 178.710938, 1241.699219
119.628906, -53.466797, 1096.679688
49.804688, -48.583984, 1142.578125
-8.544922, 28.320312, 1255.859375
-129.638672, -37.353516, 1170.410156
-,-,-
48.828125, -52.978516, 1122.070312
97.167969, -27.099609, 1031.250000
55.664062, -35.400391, 1095.703125
15.625000, 1.464844, 1212.890625
-102.783203, -42.724609, 1192.382812
-116.455078, 25.390625, 1220.214844
-191.650391, -47.607422, 1209.960938
-209.716797, 11.718750, 1222.656250
-302.978516, -15.380859, 1149.902344
-312.255859, -7.568359, 1100.585938
-365.966797, 14.160156, 990.234375
-360.595703, 47.851562, 1027.343750
-373.291016, 59.570312, 885.742188
-312.744141, 97.656250, 871.582031
-302.978516, 74.218750, 836.914062
-242.919922, 55.664062, 820.312500
-177.001953, 73.242188, 786.132812
-139.404297, 81.054688, 763.183594
-74.951172, 109.375000, 716.308594
-45.166016, 112.304688, 711.914062
15.136719, 150.878906, 722.167969
76.660156, 174.804688, 708.007812
87.890625, 176.757812, 754.882812
164.062500, 176.757812, 769.531250
165.527344, 225.585938, 726.562500
176.269531, 260.742188, 729.492188
172.851562, 223.632812, 791.015625
201.171875, 247.070312, 828.613281
137.695312, 234.375000, 852.050781
165.039062, 217.773438, 962.402344
153.320312, 177.734375, 954.101562
189.941406, 160.156250, 987.304688
226.562500, 200.683594, 1097.656250
184.082031, 123.535156, 1098.632812
117.187500, 115.722656, 1099.609375
-3.662109, 136.718750, 1107.421875
-73.486328, 90.820312, 1209.960938
-98.876953, 116.699219, 1230.468750
-136.474609, 65.917969, 1193.359375
-,-,-
65.917969, 16.113281, 992.187500
83.007812, -30.029297, 972.656250
100.585938, -0.244141, 1057.617188
158.691406, 35.156250, 1061.523438
131.835938, 1.953125, 1127.441406
65.429688, 3.906250, 1200.683594
25.878906, 17.578125, 1160.156250
-70.068359, 20.019531, 1148.437500
-204.345703, 3.906250, 1224.609375
-258.544922, -33.447266, 1208.984375
-322.998047, -14.404297, 1277.343750
-327.880859, 1.464844, 1179.687500
-339.599609, -10.498047, 1127.441406
-312.744141, 39.062500, 989.257812
-335.693359, 35.644531, 976.562500
-274.169922, 21.484375, 827.148438
-239.501953, -6.591797, 797.851562
-189.697266, 70.312500, 737.304688
-114.501953, 44.433594, 669.921875
-17.822266, 115.234375, 622.070312
-0.732422, 99.609375, 659.179688
17.089844, 94.726562, 670.898438
17.578125, 102.539062, 668.945312
104.003906, 117.675781, 758.789062
149.902344, 141.601562, 678.222656
191.894531, 271.972656, 708.984375
128.417969, 176.757812, 769.042969
104.980469, 194.335938, 860.351562
74.707031, 175.781250, 925.781250
125.000000, 144.531250, 888.671875
154.296875, 145.507812, 1038.085938
141.601562, 136.230469, 1023.925781
152.343750, 66.894531, 1139.648438
135.742188, 32.226562, 1199.707031
118.164062, 37.109375, 1177.734375
58.105469, -15.869141, 1129.882812
-19.287109, 20.507812, 1127.929688
16.601562, 11.718750, 1213.867188
-,-,-
80.078125, 26.367188, 1072.265625
143.066406, -54.931641, 965.820312
159.179688, -37.353516, 978.027344
208.984375, 12.695312, 1061.523438
130.859375, -57.373047, 1099.609375
54.687500, -43.701172, 1168.945312
-42.724609, -55.419922, 1178.222656
-99.365234, -3.662109, 1221.191406
-143.798828, -53.466797, 1219.726562
-232.177734, -45.654297, 1153.808594
-340.576172, 20.507812, 1163.085938
-384.521484, 28.320312, 1136.230469
-398.193359, 38.085938, 1042.480469
-397.705078, 89.843750, 1025.878906
-325.439453, 44.921875, 974.609375
-288.818359, 70.312500, 914.550781
-210.693359, 94.726562, 864.257812
-184.814453, 71.289062, 821.289062
-119.873047, 79.101562, 775.390625
-78.369141, 95.703125, 750.000000
-31.005859, 76.171875, 727.539062
-1.708984, 122.070312, 672.363281
25.878906, 81.542969, 605.957031
62.988281, 119.628906, 648.437500
100.097656, 104.492188, 674.316406
144.531250, 160.156250, 627.929688
187.988281, 191.406250, 619.140625
235.351562, 199.218750, 667.968750
214.355469, 191.406250, 794.921875
309.570312, 205.566406, 795.898438
243.652344, 190.429688, 934.082031
270.019531, 186.035156, 1084.960938
215.820312, 118.652344, 1153.320312
157.226562, 72.265625, 1215.820312
89.843750, 97.167969, 1311.523438
21.972656, 41.015625, 1271.484375
-21.728516, 37.109375, 1235.839844
-120.361328, 14.648438, 1220.214844
-174.560547, -30.029297, 1190.429688
-268.310547, -21.240234, 1209.960938
-,-,-
84.472656, -64.208984, 1000.976562
92.285156, -29.052734, 1081.054688
54.687500, -14.404297, 1158.203125
52.734375, -37.353516, 1155.761719
-30.029297, -58.349609, 1225.585938
-83.740234, -31.982422, 1236.328125
-170.654297, -67.626953, 1226.562500
-193.115234, -28.076172, 1219.726562
-252.197266, -69.580078, 1141.601562
-266.357422, -6.591797, 1083.984375
-312.744141, -17.822266, 1050.781250
-309.326172, 52.734375, 955.078125
-330.810547, 55.664062, 934.570312
-305.419922, 39.062500, 930.664062
-238.525391, 45.898438, 909.179688
-184.814453, 51.269531, 818.359375
-109.130859, 85.449219, 790.039062
-32.958984, 91.796875, 738.769531
1.464844, 94.726562, 652.832031
34.179688, 90.820312, 649.902344
19.531250, 105.468750, 629.394531
115.234375, 142.578125, 697.753906
136.718750, 168.457031, 688.476562
203.125000, 168.457031, 736.328125
229.980469, 216.796875, 739.746094
246.582031, 204.101562, 767.578125
279.785156, 241.210938, 860.351562
232.421875, 220.703125, 925.781250
238.769531, 175.781250, 925.781250
186.523438, 147.460938, 998.046875
192.871094, 137.695312, 1148.437500
155.761719, 112.304688, 1092.285156
117.675781, 84.472656, 1137.695312
104.980469, 121.582031, 1156.738281
53.710938, 67.871094, 1133.300781
5.371094, 92.773438, 1181.640625
-34.912109, 5.859375, 1185.546875
-,-,-
138.671875, -49.072266, 1017.578125
179.687500, -31.005859, 1011.718750
190.917969, 6.347656, 995.117188
121.093750, -49.072266, 1148.925781
57.128906, -48.583984, 1173.828125
-78.369141, -11.962891, 1217.773438
-156.005859, -40.771484, 1261.718750
-244.384766, -32.470703, 1193.359375
-312.255859, 17.089844, 1258.789062
-325.927734, 27.343750, 1149.414062
-363.525391, 59.570312, 1064.941406
-387.939453, 62.500000, 1010.742188
-348.388672, 81.054688, 942.382812
-332.275391, 55.664062, 884.765625
-271.728516, 75.195312, 908.203125
-217.041016, 54.687500, 846.679688
-153.076172, 79.101562, 819.335938
-107.177734, 84.472656, 732.421875
-32.470703, 84.960938, 672.851562
-2.685547, 105.468750, 655.761719
28.320312, 141.113281, 707.031250
47.363281, 140.625000, 684.570312
73.242188, 165.527344, 678.710938
93.750000, 187.988281, 668.945312
127.929688, 208.007812, 648.437500
132.812500, 224.609375, 696.777344
142.578125, 195.800781, 841.796875
180.664062, 211.914062, 937.988281
208.007812, 177.734375, 930.664062
237.792969, 226.562500, 1036.132812
214.355469, 158.203125, 1088.867188
211.914062, 149.414062, 1127.929688
166.503906, 112.304688, 1179.687500
110.839844, 58.593750, 1128.906250
41.503906, 55.664062, 1064.941406
9.765625, 40.039062, 1105.468750
-12.451172, 35.644531, 1200.195312
-11.474609, 8.789062, 1177.246094
-68.603516, -31.982422, 1140.625000
-,-,-
106.445312, 2.441406, 991.210938
119.140625, -13.427734, 1023.437500
149.902344, -29.052734, 1039.062500
133.300781, -52.490234, 1091.308594
72.753906, -67.138672, 1111.816406
-42.724609, -43.701172, 1169.921875
-109.130859, 24.414062, 1191.406250
-156.982422, 35.156250, 1227.539062
-203.857422, 43.945312, 1208.984375
-226.318359, 47.851562, 1188.476562
-241.943359, 74.218750, 1124.023438
-261.962891, 44.921875, 1065.917969
-276.611328, 65.917969, 1040.039062
-272.705078, 105.468750, 979.003906
-282.958984, 103.515625, 972.656250
-271.728516, 54.199219, 929.687500
-221.923828, 41.015625, 870.605469
-199.951172, 56.640625, 799.804688
-152.099609, 37.109375, 795.898438
-98.388672, 53.710938, 665.039062
-12.451172, 71.289062, 663.085938
4.882812, 56.640625, 654.296875
60.546875, 102.539062, 666.015625
78.613281, 113.281250, 738.769531
146.484375, 136.230469, 731.445312
166.015625, 151.855469, 718.261719
220.703125, 167.480469, 740.722656
193.359375, 125.976562, 765.625000
237.792969, 147.460938, 866.210938
204.101562, 201.660156, 922.851562
244.140625, 130.859375, 964.843750
258.789062, 166.503906, 974.609375
294.433594, 118.652344, 1010.742188
316.894531, 85.449219, 1076.660156
327.148438, -1.220703, 1075.195312
238.769531, 48.339844, 1182.617188
201.171875, -18.798828, 1265.136719
106.445312, -21.240234, 1212.890625
53.710938, -23.193359, 1231.445312
-129.150391, -85.205078, 1132.324219
-,-,-
92.285156, -51.025391, 1030.273438
147.949219, -41.748047, 1012.695312
122.070312, -36.865234, 1040.039062
116.210938, -14.404297, 1169.921875
31.738281, -30.029297, 1203.125000
-27.587891, -36.376953, 1248.046875
-114.990234, -45.654297, 1229.492188
-145.751953, -13.427734, 1243.652344
-208.251953, -3.662109, 1226.562500
-239.990234, 40.039062, 1206.054688
-295.166016, 30.273438, 1117.187500
-305.419922, 18.066406, 1041.015625
-281.005859, 52.734375, 1005.371094
-273.681641, 43.945312, 994.140625
-208.740234, 43.945312, 876.953125
-166.259766, 41.015625, 816.406250
-114.990234, 26.367188, 751.953125
-37.353516, 60.546875, 717.285156
-18.310547, 25.390625, 634.765625
31.738281, 84.472656, 649.414062
50.292969, 78.125000, 630.371094
63.964844, 41.992188, 638.671875
100.585938, 94.726562, 657.226562
144.042969, 111.328125, 625.976562
143.554688, 168.457031, 696.777344
185.058594, 219.238281, 804.687500
174.316406, 177.734375, 800.781250
220.214844, 215.820312, 953.125000
237.304688, 176.757812, 968.750000
250.000000, 209.960938, 1066.894531
180.664062, 146.484375, 1177.246094
157.714844, 88.867188, 1139.648438
97.656250, 112.792969, 1163.085938
73.730469, 46.875000, 1157.714844
65.429688, 24.414062, 1054.687500
13.671875, 4.882812, 1056.640625
-5.615234, -12.451172, 1186.523438
-28.564453, 20.019531, 1122.070312
-70.068359, -32.958984, 1113.769531
-111.572266, -42.724609, 1171.875000
-,-,-
70.312500, -14.892578, 1041.992188
87.890625, -35.400391, 1004.394531
77.636719, -26.123047, 1029.785156
106.445312, 13.671875, 1138.671875
70.312500, -94.482422, 1169.921875
44.433594, -33.447266, 1193.359375
-81.298828, -48.583984, 1176.269531
-114.990234, -26.123047, 1231.445312
-224.365234, -26.123047, 1294.921875
-261.962891, -0.244141, 1237.304688
-282.958984, 19.531250, 1134.277344
-302.001953, 32.714844, 1092.285156
-364.013672, 89.355469, 979.003906
-367.431641, 36.132812, 923.828125
-343.017578, 26.367188, 895.019531
-297.119141, 51.757812, 827.636719
-230.224609, 27.343750, 775.390625
-148.681641, 10.742188, 742.675781
-67.626953, 55.664062, 652.832031
-24.169922, 50.781250, 750.000000
41.015625, 73.242188, 679.687500
74.707031, 124.023438, 685.546875
105.468750, 143.554688, 708.007812
129.882812, 139.160156, 670.898438
145.507812, 193.359375, 669.921875
200.683594, 203.613281, 727.539062
190.917969, 173.828125, 798.828125
253.417969, 173.339844, 857.421875
257.812500, 154.296875, 910.644531
291.015625, 167.968750, 950.195312
259.765625, 110.351562, 996.093750
261.230469, 113.281250, 1035.156250
194.335938, 76.171875, 1059.570312
158.691406, 43.945312, 1145.507812
115.234375, 53.710938, 1092.285156
17.089844, 40.039062, 1103.515625
-9.033203, 73.242188, 1187.500000
-92.529297, -15.869141, 1166.015625
-78.369141, 31.250000, 1215.820312
-,-,-
135.253906, -55.419922, 1013.671875
128.417969, -65.185547, 990.234375
147.460938, -56.396484, 1013.671875
149.902344, -57.373047, 1062.011719
106.445312, -66.650391, 1100.585938
3.906250, -71.044922, 1110.839844
-78.369141, -72.998047, 1193.359375
-118.408203, -44.677734, 1302.734375
-211.669922, -66.162109, 1286.621094
-214.111328, -72.021484, 1317.382812
-257.568359, -33.447266, 1264.160156
-239.501953, 7.812500, 1187.500000
-333.251953, 38.085938, 1096.679688
-301.025391, 27.343750, 982.910156
-333.251953, 34.179688, 833.984375
-289.306641, 20.507812, 676.269531
-251.708984, 22.460938, 665.039062
-143.798828, 11.718750, 611.816406
-100.341797, 42.968750, 666.992188
-16.845703, 71.289062, 687.500000
29.785156, 53.710938, 696.777344
101.074219, 93.750000, 676.269531
138.671875, 143.554688, 711.914062
158.691406, 118.652344, 683.593750
174.316406, 156.250000, 699.707031
173.339844, 161.132812, 724.609375
220.214844, 165.039062, 821.289062
245.605469, 193.359375, 861.328125
261.230469, 179.687500, 959.472656
300.292969, 172.851562, 1012.695312
251.464844, 155.273438, 1126.953125
248.046875, 72.265625, 1132.324219
185.546875, 24.414062, 1153.808594
129.882812, -17.822266, 1156.738281
56.152344, -5.615234, 1124.023438
-25.634766, 15.136719, 1119.140625
-106.201172, 2.441406, 1137.695312
-198.486328, 8.789062, 1100.585938
-356.201172, -46.630859, 1302.246094
-,-,-
130.859375, -53.466797, 989.257812
239.257812, -53.466797, 1091.796875
244.140625, -36.865234, 1066.406250
160.156250, -75.927734, 1131.347656
-2.685547, -109.130859, 1283.691406
-143.798828, -119.873047, 1234.375000
-212.646484, -96.435547, 1284.179688
-283.935547, -72.021484, 1246.582031
-341.552734, 0.488281, 1234.375000
-364.990234, -1.220703, 1173.339844
-383.056641, -14.404297, 1050.292969
-333.740234, 42.480469, 972.656250
-337.646484, 57.617188, 922.851562
-328.857422, 22.460938, 874.023438
-273.681641, 17.089844, 776.367188
-211.669922, -19.775391, 739.257812
-135.986328, -2.685547, 658.203125
-37.353516, 60.546875, 619.140625
51.757812, 103.515625, 624.023438
83.984375, 153.808594, 719.238281
116.210938, 128.906250, 654.785156
130.859375, 94.726562, 658.203125
183.105469, 159.179688, 660.156250
195.312500, 195.800781, 651.855469
215.820312, 139.648438, 659.179688
276.855469, 173.828125, 757.812500
335.449219, 171.875000, 828.613281
410.156250, 140.625000, 844.238281
379.394531, 146.484375, 1000.000000
320.800781, 64.941406, 1090.332031
267.089844, 11.718750, 1205.078125
226.562500, 21.484375, 1327.148438
82.031250, 69.335938, 1339.843750
-15.380859, 16.113281, 1332.519531
-96.923828, 44.921875, 1298.828125
-228.759766, 30.273438, 1316.406250
-247.802734, 42.968750, 1214.843750
-,-,-
67.382812, -46.630859, 999.023438
127.441406, -8.544922, 1130.859375
144.042969, -72.998047, 1095.703125
145.507812, -4.638672, 1153.808594
28.320312, -46.630859, 1193.359375
-35.888672, -47.607422, 1181.640625
-201.904297, -15.380859, 1214.843750
-252.197266, -3.662109, 1206.054688
-329.833984, 27.343750, 1173.828125
-371.826172, 56.640625, 1148.437500
-382.080078, 28.320312, 1066.894531
-365.478516, 40.039062, 994.140625
-375.244141, 45.898438, 960.937500
-279.052734, 60.546875, 890.136719
-247.314453, -1.708984, 820.312500
-171.142578, 67.871094, 797.851562
-111.572266, 81.054688, 750.000000
-41.748047, 82.519531, 744.140625
-7.080078, 80.078125, 699.707031
43.945312, 125.000000, 720.214844
40.527344, 107.421875, 621.093750
89.355469, 107.421875, 707.031250
122.070312, 135.742188, 691.406250
157.226562, 153.808594, 625.000000
209.960938, 247.070312, 734.375000
208.007812, 228.515625, 763.183594
253.906250, 207.031250, 815.429688
311.035156, 279.296875, 901.367188
292.968750, 215.820312, 939.453125
314.453125, 143.554688, 1017.578125
265.625000, 118.652344, 1035.156250
244.628906, 75.195312, 1156.738281
182.128906, 108.398438, 1149.414062
108.398438, 17.578125, 1140.625000
48.339844, 50.292969, 1154.296875
-6.591797, 40.527344, 1143.554688
-108.154297, -9.521484, 1094.726562
-156.005859, 2.441406, 1183.105469
-236.083984, -59.326172, 1148.437500
-,-,-
116.210938, -68.603516, 1034.179688
148.437500, -29.052734, 1028.808594
137.695312, -54.443359, 1025.878906
110.351562, -55.419922, 1160.644531
15.136719, -66.162109, 1166.015625
-19.287109, -59.326172, 1197.753906
-101.806641, -51.025391, 1189.453125
-188.232422, -28.076172, 1263.183594
-275.146484, -12.451172, 1239.746094
-322.998047, -17.822266, 1259.765625
-308.837891, -13.427734, 1165.039062
-314.697266, 23.925781, 1073.730469
-295.166016, 56.640625, 1010.742188
-249.755859, 18.554688, 863.281250
-206.298828, 36.621094, 825.195312
-181.396484, 7.812500, 745.117188
-135.009766, 45.898438, 709.960938
-60.302734, 93.750000, 651.855469
-9.521484, 79.101562, 625.976562
5.859375, 129.882812, 634.765625
83.007812, 135.253906, 608.398438
86.914062, 152.832031, 646.484375
145.019531, 156.250000, 647.460938
154.296875, 191.406250, 597.656250
193.359375, 250.000000, 752.929688
215.820312, 250.488281, 750.976562
220.703125, 297.851562, 895.019531
214.355469, 223.632812, 918.457031
259.765625, 256.347656, 1011.718750
230.468750, 164.550781, 1039.062500
217.773438, 163.085938, 1075.195312
217.773438, 136.718750, 1175.292969
148.437500, 82.519531, 1161.132812
86.914062, 88.378906, 1128.906250
-36.865234, 24.414062, 1104.492188
-119.873047, 28.320312, 1146.484375
-185.791016, 23.437500, 1136.718750
-210.693359, 23.437500, 1197.753906
-,-,-
128.417969, 28.320312, 1085.937500
159.179688, -25.146484, 1106.445312
110.351562, -25.146484, 1180.664062
-15.380859, -35.888672, 1365.234375
-177.978516, -53.466797, 1343.750000
-274.169922, -13.427734, 1319.335938
-283.935547, 11.718750, 1273.437500
-342.041016, -14.404297, 1187.500000
-435.302734, -31.982422, 1037.109375
-409.912109, 62.500000, 897.949219
-437.744141, -12.451172, 842.773438
-358.642578, -13.427734, 789.062500
-302.001953, -14.404297, 771.484375
-205.322266, 43.945312, 774.414062
-134.521484, 45.898438, 719.238281
-39.306641, 101.074219, 730.468750
0.488281, 125.000000, 703.125000
21.972656, 54.687500, 697.753906
53.710938, 117.675781, 677.246094
135.742188, 88.867188, 639.648438
175.292969, 144.531250, 625.000000
229.980469, 168.945312, 620.117188
260.253906, 250.000000, 683.593750
328.613281, 227.539062, 789.550781
429.199219, 216.308594, 786.621094
366.210938, 218.261719, 830.078125
393.554688, 199.707031, 1040.039062
353.515625, 36.621094, 993.164062
255.859375, 57.617188, 1187.500000
189.941406, 45.898438, 1271.484375
90.332031, 12.695312, 1192.382812
40.039062, 20.507812, 1232.421875
-85.693359, 17.089844, 1223.144531
-59.326172, 82.519531, 1243.652344
-,-,-
58.105469, 27.343750, 1052.734375
115.234375, -33.447266, 950.195312
127.441406, -59.326172, 949.218750
208.007812, -39.794922, 1063.964844
201.660156, -51.513672, 1123.046875
168.457031, -14.404297, 1195.312500
39.550781, -71.044922, 1224.609375
-31.005859, 13.183594, 1258.789062
-156.982422, -32.470703, 1262.207031
-190.673828, 28.320312, 1232.421875
-274.169922, -3.662109, 1265.136719
-297.607422, 19.531250, 1100.585938
-346.435547, 3.906250, 1061.523438
-339.111328, 36.132812, 959.472656
-311.767578, 73.242188, 912.109375
-274.169922, 48.339844, 899.414062
-220.458984, 56.640625, 847.656250
-142.822266, 56.640625, 738.281250
-101.318359, 75.195312, 729.492188
-38.330078, 119.628906, 687.500000
-10.009766, 108.398438, 670.898438
42.968750, 105.468750, 666.015625
36.132812, 119.628906, 634.277344
120.605469, 97.656250, 643.554688
176.269531, 190.429688, 622.070312
233.398438, 167.480469, 620.117188
295.410156, 234.375000, 705.078125
306.640625, 221.679688, 794.921875
342.285156, 247.070312, 807.617188
336.425781, 248.535156, 1007.812500
313.476562, 167.480469, 1030.273438
355.957031, 172.851562, 1147.460938
256.835938, 139.648438, 1197.753906
188.964844, 76.171875, 1286.621094
21.972656, 118.652344, 1187.500000
-,-,-
171.875000, 77.148438, 1100.585938
178.710938, -23.193359, 1009.765625
216.308594, 44.921875, 1138.671875
226.074219, -28.076172, 1131.835938
100.585938, 0.488281, 1211.914062
-48.095703, -69.091797, 1246.582031
-185.791016, -14.892578, 1280.273438
-279.541016, -54.443359, 1208.984375
-338.623047, 6.835938, 1322.265625
-317.626953, 17.089844, 1152.343750
-368.896484, 6.835938, 1084.472656
-370.849609, 16.601562, 1054.687500
-352.783203, 47.851562, 909.667969
-289.306641, 95.703125, 870.605469
-270.751953, 44.921875, 885.742188
-182.861328, 48.828125, 750.000000
-139.404297, 83.007812, 702.636719
-97.900391, -31.982422, 637.695312
-29.052734, 85.449219, 607.421875
35.156250, 71.289062, 582.031250
72.265625, 125.976562, 600.585938
170.410156, 190.429688, 639.648438
161.132812, 184.570312, 610.839844
180.664062, 195.312500, 661.132812
169.433594, 234.375000, 770.507812
213.378906, 172.851562, 736.816406
242.187500, 253.417969, 863.281250
308.593750, 178.710938, 915.527344
321.289062, 245.117188, 1045.410156
351.562500, 252.441406, 1083.984375
350.097656, 113.281250, 1115.234375
284.179688, 94.726562, 1196.289062
120.605469, 54.687500, 1186.523438
-84.716797, 69.824219, 1226.562500
-137.451172, -5.615234, 1284.667969
-,-,-
186.035156, -33.935547, 917.968750
202.148438, -62.255859, 1066.894531
147.949219, -27.099609, 1188.476562
-1.708984, -71.044922, 1323.242188
-114.013672, -38.818359, 1268.554688
-240.478516, -72.998047, 1255.859375
-232.177734, -7.568359, 1251.953125
-321.044922, -43.701172, 1151.367188
-336.669922, 26.367188, 1118.164062
-378.662109, 37.109375, 1000.000000
-404.541016, 12.695312, 959.472656
-430.908203, 38.085938, 929.687500
-366.455078, 57.617188, 903.320312
-348.876953, -30.029297, 923.828125
-270.751953, 30.273438, 823.242188
-195.556641, -26.123047, 774.414062
-92.529297, 72.265625, 724.121094
22.460938, 22.460938, 637.207031
21.972656, 84.472656, 594.726562
39.062500, 108.398438, 573.242188
99.609375, 64.453125, 548.828125
175.292969, 139.648438, 605.468750
206.542969, 162.109375, 579.101562
255.371094, 232.421875, 665.039062
257.812500, 165.039062, 743.164062
288.574219, 154.785156, 785.644531
279.785156, 159.179688, 937.988281
328.125000, 198.242188, 989.257812
333.984375, 141.601562, 1003.417969
285.644531, 167.480469, 1126.464844
281.738281, 79.101562, 1200.683594
191.894531, 89.843750, 1250.000000
116.210938, 3.906250, 1347.656250
-32.470703, -87.646484, 1421.875000
-88.134766, 33.691406, 1410.156250
-57.373047, 32.226562, 1175.292969
-,-,-
94.238281, -63.720703, 952.636719
145.019531, -75.927734, 1041.015625
136.718750, -86.181641, 991.210938
105.957031, -73.974609, 1116.699219
-21.240234, -100.830078, 1224.121094
-152.587891, -114.013672, 1267.578125
-213.623047, -79.833984, 1338.867188
-335.693359, -64.697266, 1309.082031
-336.669922, -43.701172, 1201.171875
-450.927734, -20.263672, 1150.390625
-446.044922, 18.066406, 1015.625000
-532.470703, 55.664062, 875.488281
-524.169922, 76.171875, 851.074219
-513.916016, 9.765625, 910.644531
-406.494141, -34.423828, 771.484375
-337.646484, 30.273438, 794.921875
-176.025391, 27.343750, 712.890625
-81.787109, 59.570312, 643.554688
7.324219, 94.726562, 653.808594
-3.662109, 102.539062, 673.339844
55.175781, 65.917969, 632.324219
72.753906, 153.808594, 568.359375
145.507812, 154.785156, 619.140625
134.277344, 166.503906, 605.468750
219.726562, 229.492188, 687.500000
242.187500, 261.718750, 735.351562
249.023438, 172.851562, 800.781250
365.722656, 241.210938, 884.765625
410.644531, 199.218750, 983.398438
348.144531, 173.828125, 997.070312
357.910156, 124.511719, 1167.968750
359.863281, 114.257812, 1191.406250
260.253906, 86.914062, 1177.734375
223.144531, 37.109375, 1249.023438
120.117188, -0.732422, 1215.820312
-136.962891, -40.771484, 1184.570312
-133.056641, 62.011719, 1318.359375
-,-,-
100.097656, 15.625000, 1034.179688
122.070312, -67.138672, 985.351562
28.320312, -41.748047, 1077.148438
-62.255859, 11.718750, 1187.500000
-166.259766, -31.982422, 1251.953125
-180.908203, -6.591797, 1300.781250
-227.294922, -22.216797, 1286.621094
-239.501953, -13.427734, 1210.937500
-281.005859, -29.052734, 1157.226562
-349.853516, 34.667969, 1116.210938
-366.943359, 38.085938, 948.242188
-362.060547, 98.144531, 866.210938
-370.849609, 65.917969, 853.515625
-314.208984, 89.843750, 854.492188
-269.287109, 58.593750, 828.613281
-163.330078, 93.750000, 753.906250
-147.216797, 71.289062, 724.609375
-98.876953, 50.292969, 708.984375
-29.541016, 102.539062, 630.859375
-47.119141, 46.875000, 549.804688
16.113281, 92.773438, 624.023438
77.636719, 110.351562, 682.617188
182.617188, 180.664062, 647.460938
236.816406, 205.078125, 760.742188
264.160156, 236.816406, 797.851562
271.484375, 200.683594, 859.375000
273.437500, 223.144531, 942.382812
282.226562, 162.109375, 982.910156
285.644531, 192.382812, 1023.925781
319.824219, 147.460938, 1116.210938
282.226562, 100.097656, 1126.953125
249.023438, 132.812500, 1174.316406
157.714844, 96.679688, 1149.414062
-86.181641, 80.078125, 1224.121094
-215.576172, 100.097656, 1158.691406
-,-,-
90.820312, -13.427734, 1059.570312
99.609375, -66.162109, 999.023438
167.480469, -3.662109, 1103.515625
143.066406, -24.169922, 1125.976562
75.195312, -6.591797, 1169.921875
-65.673828, -128.662109, 1244.628906
-238.525391, -19.775391, 1239.257812
-370.849609, -19.775391, 1223.144531
-411.865234, -5.615234, 1288.574219
-455.810547, 41.015625, 1188.476562
-474.365234, 94.726562, 1114.257812
-469.482422, 86.914062, 921.875000
-369.384766, 127.929688, 842.773438
-342.041016, 43.945312, 885.742188
-275.634766, 76.171875, 904.296875
-196.044922, 39.062500, 812.500000
-135.986328, 44.921875, 774.414062
-61.279297, 31.250000, 728.515625
-17.822266, 52.734375, 688.476562
30.761719, 118.652344, 692.871094
60.546875, 91.796875, 666.015625
110.351562, 178.710938, 666.992188
126.464844, 128.906250, 687.500000
200.195312, 203.613281, 616.210938
187.500000, 177.734375, 599.609375
270.996094, 234.375000, 710.937500
242.187500, 205.078125, 719.238281
232.910156, 254.394531, 866.210938
222.167969, 173.828125, 966.796875
252.929688, 160.156250, 1088.867188
239.746094, 151.367188, 1213.867188
229.980469, 110.351562, 1326.171875
163.085938, 83.496094, 1249.511719
52.734375, 69.824219, 1167.968750
-107.177734, 32.714844, 1165.039062
-159.423828, 87.890625, 1237.304688
-,-,-
89.843750, -8.544922, 1014.648438
82.031250, -68.603516, 969.726562
146.972656, -2.685547, 1098.632812
112.792969, -2.685547, 1060.546875
30.761719, -20.263672, 1144.531250
-49.072266, -0.244141, 1167.968750
-113.525391, 7.324219, 1206.054688
-153.076172, -40.771484, 1224.121094
-189.208984, 32.714844, 1259.765625
-247.314453, 23.437500, 1181.640625
-278.564453, 10.742188, 1107.421875
-288.818359, 59.570312, 1106.445312
-298.583984, 15.625000, 1055.664062
-281.005859, 107.421875, 1006.347656
-240.478516, 97.167969, 983.398438
-248.291016, 82.031250, 917.968750
-196.044922, 87.890625, 836.914062
-138.427734, 57.617188, 748.046875
-99.365234, 111.328125, 702.148438
-67.626953, 108.398438, 649.414062
12.695312, 130.859375, 560.546875
36.621094, 88.867188, 565.917969
104.003906, 110.351562, 583.007812
142.089844, 167.480469, 571.289062
201.660156, 200.195312, 606.445312
216.796875, 156.250000, 670.898438
289.062500, 175.781250, 789.062500
313.476562, 163.085938, 898.437500
371.093750, 214.843750, 982.910156
399.414062, 164.550781, 967.773438
332.519531, 233.886719, 1129.882812
344.726562, 168.457031, 1233.398438
228.515625, 106.933594, 1121.093750
152.343750, 91.796875, 1135.253906
35.644531, 14.648438, 1147.460938
-85.693359, 73.242188, 1209.960938
-,-,-
134.765625, 11.718750, 998.046875
120.117188, -22.216797, 1048.828125
226.074219, -4.638672, 1063.476562
157.226562, -72.998047, 1030.273438
49.804688, 9.765625, 1194.335938
-40.771484, -36.376953, 1274.414062
-134.521484, -0.244141, 1269.531250
-213.134766, -7.568359, 1282.226562
-213.623047, 41.015625, 1318.359375
-254.150391, 29.296875, 1216.796875
-260.986328, 80.078125, 1158.691406
-287.353516, 33.691406, 1095.214844
-293.212891, 100.097656, 1018.554688
-272.216797, 76.171875, 900.390625
-244.384766, 100.097656, 890.625000
-196.533203, 40.039062, 782.714844
-117.919922, 67.871094, 749.023438
-92.529297, 44.921875, 669.921875
8.789062, 134.277344, 651.855469
45.410156, 105.468750, 583.984375
74.218750, 154.296875, 623.046875
89.843750, 96.191406, 610.839844
120.117188, 149.414062, 614.257812
184.082031, 176.757812, 609.863281
203.613281, 201.660156, 605.468750
255.859375, 281.250000, 778.320312
228.515625, 166.992188, 750.000000
206.542969, 187.500000, 912.109375
163.085938, 154.296875, 983.886719
186.523438, 150.878906, 1064.941406
188.476562, 98.632812, 1098.632812
166.015625, 137.207031, 1244.628906
193.359375, 41.992188, 1207.031250
106.445312, 56.640625, 1173.828125
72.753906, -2.685547, 1167.968750
-57.373047, -72.998047, 1147.460938
-,-,-
112.792969, -51.025391, 1031.250000
154.296875, -58.349609, 1032.226562
176.269531, -29.541016, 1063.476562
186.523438, -53.466797, 1084.960938
63.476562, -33.447266, 1110.839844
-89.111328, 15.625000, 1268.554688
-238.525391, -26.123047, 1392.089844
-318.603516, 42.968750, 1380.859375
-322.021484, -4.638672, 1250.000000
-380.126953, 11.718750, 1159.667969
-406.494141, 55.664062, 1074.707031
-471.435547, 61.523438, 981.933594
-390.869141, 69.824219, 885.742188
-349.365234, 96.679688, 820.800781
-325.439453, 100.097656, 809.082031
-219.482422, 74.218750, 757.812500
-162.841797, 76.171875, 759.765625
-86.181641, 103.515625, 722.656250
-28.076172, 111.328125, 677.246094
18.554688, 101.562500, 689.453125
13.183594, 80.078125, 630.371094
72.753906, 52.734375, 672.851562
67.382812, 60.546875, 625.000000
139.648438, 94.726562, 656.250000
156.250000, 162.109375, 629.882812
204.101562, 167.480469, 671.875000
244.140625, 190.429688, 810.058594
360.351562, 179.687500, 852.050781
284.667969, 197.753906, 1032.226562
321.289062, 123.046875, 1166.992188
324.707031, 106.445312, 1095.703125
243.652344, 47.363281, 1254.882812
126.464844, 43.945312, 1199.707031
-5.615234, 4.882812, 1140.625000
-93.505859, -23.193359, 1229.492188
-211.669922, -17.822266, 1209.960938
-278.564453, -49.560547, 1190.429688
-,-,-
80.078125, -71.044922, 1045.410156
152.343750, -90.576172, 1009.765625
102.050781, -50.048828, 1108.886719
18.066406, -79.833984, 1205.078125
-104.248047, -70.556641, 1247.070312
-163.818359, -72.021484, 1270.507812
-227.294922, -57.373047, 1320.312500
-258.544922, -35.888672, 1320.312500
-286.865234, -0.244141, 1194.335938
-307.373047, -27.099609, 1122.070312
-266.357422, 21.484375, 1013.671875
-273.193359, 50.781250, 940.429688
-258.544922, 27.343750, 910.156250
-248.291016, 52.734375, 759.277344
-239.501953, 56.640625, 730.468750
-194.091797, 43.945312, 649.414062
-95.458984, 77.148438, 622.070312
-62.744141, 88.378906, 637.695312
-10.986328, 67.871094, 692.871094
17.089844, 116.210938, 741.699219
54.199219, 104.980469, 664.062500
105.957031, 153.320312, 724.609375
104.980469, 142.578125, 683.593750
129.882812, 260.742188, 729.492188
174.316406, 196.289062, 801.269531
268.066406, 264.648438, 884.765625
348.632812, 197.265625, 778.320312
403.320312, 258.789062, 895.996094
368.164062, 219.726562, 941.406250
325.195312, 187.988281, 1032.226562
176.269531, 90.820312, 1071.289062
148.437500, 43.945312, 1131.347656
75.195312, 53.710938, 1183.593750
21.972656, 21.484375, 1243.652344
-46.142578, 51.269531, 1286.621094
-110.595703, 9.765625, 1287.597656
-227.783203, 28.320312, 1126.953125
-295.166016, 25.390625, 1053.710938
