-,-,-
3.417969, 102.050781, 1005.859375
36.132812, 82.031250, 1022.949219
54.687500, -27.099609, 960.449219
93.261719, 2.441406, 1011.718750
56.152344, -74.951172, 1034.179688
108.398438, -29.052734, 948.242188
37.597656, -41.748047, 969.726562
10.742188, -36.865234, 1043.457031
54.687500, -33.447266, 986.328125
44.433594, -2.685547, 1023.925781
38.085938, 20.507812, 989.257812
39.062500, 15.625000, 1011.718750
5.371094, 14.160156, 1012.695312
-26.123047, 44.921875, 1003.417969
-21.240234, 77.148438, 908.691406
-123.779297, 20.507812, 966.796875
-134.033203, 37.109375, 999.511719
-121.826172, 70.312500, 959.472656
-109.619141, 89.843750, 999.023438
-113.037109, 55.664062, 960.449219
-139.404297, 59.570312, 1019.531250
-129.150391, 55.664062, 1020.507812
-147.216797, 36.621094, 974.609375
-198.486328, 0.000000, 992.187500
-260.009766, -1.708984, 1105.957031
-,-,-
30.273438, 38.085938, 998.046875
75.195312, -59.326172, 969.726562
90.332031, 4.394531, 989.257812
158.691406, -43.701172, 962.402344
165.039062, -80.810547, 970.703125
177.734375, -4.638672, 1042.968750
192.871094, 10.742188, 965.820312
125.488281, -38.818359, 997.070312
107.421875, -72.998047, 986.328125
122.070312, 19.531250, 963.867188
30.273438, -33.447266, 980.957031
-13.427734, 24.414062, 996.093750
-62.744141, -53.955078, 990.234375
-78.857422, 27.343750, 980.957031
-125.732422, -27.099609, 981.445312
-114.013672, 15.136719, 982.421875
-67.138672, 46.386719, 964.843750
-118.408203, -17.822266, 1013.671875
-78.369141, 22.460938, 957.031250
-52.978516, 41.015625, 1002.441406
-90.576172, -2.197266, 976.074219
-105.712891, -3.173828, 974.609375
-117.431641, -25.146484, 999.023438
-109.619141, 41.015625, 998.535156
-185.302734, -16.357422, 997.070312
-153.564453, -21.240234, 1034.179688
-,-,-
83.007812, -37.841797, 998.046875
45.410156, 11.718750, 982.421875
62.988281, -46.630859, 966.796875
115.234375, -61.279297, 1000.488281
145.507812, -31.982422, 958.496094
78.125000, -39.794922, 992.187500
135.253906, 7.812500, 964.843750
93.261719, -64.697266, 991.210938
79.589844, 10.742188, 998.046875
70.800781, 39.062500, 986.328125
50.292969, -2.685547, 960.449219
31.250000, 18.554688, 974.609375
26.367188, -13.427734, 995.117188
42.968750, 28.320312, 998.046875
11.718750, 4.394531, 960.449219
-1.220703, 53.710938, 1003.906250
-10.498047, -3.173828, 987.304688
-67.626953, 65.917969, 990.234375
-68.115234, 50.292969, 999.023438
-108.154297, 90.820312, 995.117188
-72.021484, 85.937500, 979.003906
-64.697266, 74.218750, 959.472656
-74.462891, 32.714844, 960.449219
-107.666016, 37.597656, 991.210938
-97.900391, -33.935547, 1003.417969
-119.873047, 16.113281, 987.304688
-199.951172, -2.685547, 1038.085938
-186.279297, -0.732422, 1017.578125
-,-,-
-61.767578, -21.240234, 910.644531
-25.634766, 84.472656, 966.796875
-0.244141, -0.732422, 980.957031
47.851562, 27.343750, 1023.925781
34.179688, -6.591797, 994.140625
64.453125, 83.984375, 982.910156
71.777344, -17.822266, 1021.972656
53.710938, -12.451172, 995.117188
47.851562, 8.789062, 991.210938
22.949219, -27.099609, 999.511719
11.718750, 22.460938, 979.980469
11.718750, 54.687500, 996.093750
-19.287109, 41.992188, 988.281250
-24.658203, 14.648438, 970.703125
-55.419922, 26.367188, 1009.765625
-45.166016, 40.039062, 988.281250
-90.576172, 8.789062, 988.281250
-88.134766, 5.371094, 964.843750
-91.552734, 75.195312, 977.539062
-113.525391, 29.296875, 976.562500
-103.759766, 28.320312, 972.656250
-87.158203, 25.390625, 958.496094
-202.880859, -38.818359, 1023.925781
-131.591797, 44.921875, 967.773438
-184.814453, 0.488281, 1008.789062
-195.068359, 11.718750, 1061.523438
-,-,-
37.597656, 40.039062, 942.382812
76.660156, 18.554688, 933.593750
37.597656, -6.591797, 1024.902344
29.296875, -29.052734, 1010.742188
68.359375, 7.812500, 966.796875
101.074219, 36.621094, 992.187500
91.796875, -61.767578, 970.703125
88.867188, 0.000000, 973.632812
102.539062, -33.447266, 1023.437500
104.003906, 2.929688, 966.796875
77.148438, 9.765625, 997.070312
49.316406, -13.427734, 989.257812
30.273438, 40.039062, 992.187500
13.183594, 14.648438, 1001.464844
-45.166016, 28.320312, 962.890625
-28.076172, 47.363281, 1020.507812
-119.384766, -7.568359, 1002.441406
-119.873047, 33.691406, 962.890625
-164.306641, -9.521484, 991.210938
-133.544922, 12.695312, 942.382812
-104.248047, 32.714844, 975.585938
-133.056641, -4.638672, 993.652344
-98.388672, -40.771484, 1000.000000
-100.830078, -24.169922, 999.023438
-73.974609, 12.695312, 975.097656
-,-,-
22.460938, 57.617188, 979.980469
64.453125, 22.460938, 982.421875
61.035156, 18.066406, 1008.789062
62.011719, -1.220703, 985.351562
50.781250, 37.109375, 994.140625
61.523438, 33.691406, 997.070312
44.433594, -42.724609, 970.703125
50.781250, 0.488281, 1010.742188
25.878906, -11.962891, 981.933594
38.574219, -42.724609, 985.351562
67.382812, 8.789062, 973.632812
57.128906, 0.488281, 983.886719
53.710938, -6.591797, 997.070312
38.574219, 19.042969, 989.257812
75.195312, 21.484375, 1004.882812
35.156250, 8.300781, 994.140625
18.554688, 12.695312, 987.304688
-7.080078, -4.638672, 994.140625
-29.541016, -27.099609, 973.632812
2.929688, 31.250000, 1000.488281
-14.404297, -23.193359, 981.933594
-14.404297, 21.484375, 977.539062
-18.798828, 41.015625, 980.957031
-70.556641, 49.316406, 990.234375
-125.732422, 39.062500, 1007.812500
-124.755859, -36.376953, 1021.484375
-,-,-
164.062500, 55.664062, 1025.878906
160.156250, -31.982422, 981.933594
116.210938, -19.775391, 936.035156
115.234375, 31.738281, 981.445312
102.050781, -25.146484, 993.164062
117.187500, -22.216797, 981.933594
139.648438, 30.273438, 990.234375
135.253906, 15.625000, 997.070312
145.019531, -31.982422, 977.539062
109.863281, 16.601562, 979.003906
98.632812, 26.367188, 997.070312
62.011719, 26.367188, 971.679688
38.574219, -0.244141, 1001.464844
30.273438, 19.042969, 990.234375
10.742188, 4.882812, 969.726562
2.441406, 16.113281, 995.117188
2.441406, 10.742188, 985.351562
16.113281, 7.812500, 992.187500
-13.427734, 6.835938, 974.609375
-33.935547, 15.625000, 993.164062
-33.935547, 30.273438, 1008.300781
-50.537109, -3.662109, 960.449219
-60.302734, -13.427734, 993.164062
-69.091797, 10.742188, 1008.789062
-8.544922, 53.710938, 1013.671875
-,-,-
9.765625, -27.099609, 953.125000
-8.056641, 41.015625, 1019.531250
34.179688, 30.761719, 968.750000
73.242188, -50.537109, 970.703125
109.375000, -15.380859, 984.375000
80.566406, -23.193359, 1058.593750
95.214844, 58.593750, 942.871094
83.984375, -57.373047, 999.511719
84.960938, 3.906250, 963.867188
56.152344, 10.742188, 1001.464844
87.890625, 1.464844, 992.187500
54.687500, -3.662109, 998.046875
33.691406, -10.498047, 1015.625000
89.843750, 59.570312, 974.609375
63.964844, -37.841797, 968.750000
16.113281, -23.193359, 987.304688
3.906250, -3.662109, 997.070312
10.742188, 17.089844, 975.585938
-57.373047, -27.099609, 991.210938
-42.236328, 23.437500, 993.164062
-81.787109, -3.173828, 1037.109375
-93.994141, 37.597656, 983.398438
-98.388672, 13.671875, 980.957031
-56.396484, 32.226562, 998.046875
-50.537109, 48.339844, 1009.765625
1.464844, 29.296875, 1005.371094
-31.494141, 65.917969, 1125.976562
-,-,-
38.085938, 9.765625, 967.773438
-9.033203, 35.644531, 1001.464844
-51.513672, 38.085938, 1005.859375
-41.748047, -5.615234, 982.910156
42.968750, 13.671875, 983.398438
46.386719, 30.273438, 997.070312
83.007812, 21.484375, 993.164062
85.937500, 66.894531, 999.511719
90.820312, -3.662109, 1005.859375
78.613281, 21.484375, 985.351562
60.546875, 43.945312, 988.281250
48.339844, 11.718750, 974.609375
2.441406, 40.039062, 973.632812
-14.404297, -24.169922, 994.140625
-14.404297, 81.054688, 987.304688
-11.474609, 49.316406, 1002.441406
-32.470703, 34.179688, 1002.441406
-32.958984, 12.695312, 980.957031
-76.416016, 76.171875, 943.359375
-89.599609, -18.798828, 981.933594
-101.318359, 20.507812, 994.140625
-70.068359, -3.662109, 983.886719
-124.755859, 22.460938, 1001.464844
-130.615234, 41.015625, 1009.765625
-94.970703, 75.195312, 1019.531250
-,-,-
-32.470703, -20.263672, 1018.554688
-90.576172, 0.488281, 949.218750
-98.388672, 9.765625, 969.726562
-16.845703, -43.701172, 996.093750
9.277344, -33.447266, 983.398438
58.593750, 16.113281, 981.933594
55.175781, -19.287109, 1014.648438
117.675781, 22.460938, 1000.488281
110.351562, -9.521484, 977.539062
126.464844, -16.357422, 984.375000
133.789062, -23.193359, 968.750000
109.863281, -8.544922, 979.980469
105.468750, -4.150391, 991.210938
75.195312, 12.695312, 992.187500
35.156250, -26.123047, 989.257812
8.300781, -13.427734, 1000.000000
1.464844, 13.183594, 961.914062
-28.076172, -2.685547, 996.093750
-38.330078, -41.748047, 970.703125
-76.904297, 54.199219, 1000.488281
-38.818359, 28.320312, 998.046875
-70.068359, 52.246094, 987.304688
-71.533203, 22.460938, 968.750000
-14.404297, 98.632812, 1030.761719
-80.322266, 34.667969, 957.519531
-110.595703, 14.160156, 986.328125
-131.591797, 35.644531, 988.281250
-135.009766, 80.078125, 1026.855469
-,-,-
35.156250, 8.789062, 989.257812
53.710938, 12.695312, 993.164062
30.761719, 34.667969, 1000.000000
54.199219, -34.912109, 992.187500
36.132812, -27.099609, 987.304688
65.429688, 14.160156, 1015.625000
82.031250, 17.089844, 961.914062
78.613281, -33.447266, 996.093750
63.964844, 14.648438, 988.281250
81.542969, 20.507812, 976.562500
53.710938, -5.615234, 995.117188
1.953125, -14.404297, 972.656250
22.949219, 20.019531, 996.093750
-8.056641, 28.320312, 987.304688
-29.052734, 0.976562, 979.003906
-11.474609, 1.953125, 995.117188
-17.333984, 26.367188, 981.933594
-21.240234, 9.765625, 989.257812
-0.732422, 28.808594, 994.628906
1.464844, 27.343750, 996.093750
-8.056641, 38.085938, 994.140625
-28.076172, 28.320312, 975.585938
-47.119141, 16.601562, 978.027344
-46.630859, -3.662109, 976.562500
-74.462891, -19.287109, 1022.460938
-30.029297, 55.664062, 974.609375
-48.095703, -8.544922, 987.304688
-114.013672, -25.146484, 960.449219
-120.849609, 5.859375, 1028.320312
-50.537109, 36.132812, 1046.875000
-,-,-
37.109375, -38.330078, 965.820312
62.988281, 63.476562, 1011.718750
81.054688, 3.417969, 988.281250
106.445312, 19.042969, 1010.742188
84.960938, -12.451172, 988.281250
102.539062, 4.882812, 1014.648438
91.796875, 72.265625, 972.656250
53.222656, -15.380859, 992.187500
83.007812, 31.250000, 1003.417969
58.105469, 8.789062, 987.304688
57.128906, 68.847656, 991.210938
56.152344, 31.250000, 986.816406
31.738281, 27.343750, 979.003906
24.902344, 41.015625, 985.351562
0.488281, 4.394531, 975.585938
4.394531, 36.132812, 985.351562
18.554688, 75.195312, 991.210938
-0.732422, 14.160156, 994.140625
16.113281, 25.390625, 969.726562
-19.287109, 23.437500, 1005.859375
-11.474609, 24.414062, 964.843750
-16.845703, 28.320312, 1011.718750
-36.376953, 47.851562, 975.585938
-15.869141, 41.992188, 974.609375
-27.099609, 39.062500, 987.304688
-49.560547, 23.437500, 978.515625
-68.603516, 41.015625, 1003.417969
-89.111328, 19.531250, 963.867188
-89.111328, -6.591797, 1004.882812
-103.271484, 39.062500, 1046.386719
-68.115234, 12.695312, 1049.316406
-,-,-
15.136719, -51.025391, 976.562500
-30.029297, 11.718750, 974.609375
16.113281, 8.789062, 977.539062
19.531250, 3.417969, 1022.949219
39.550781, -9.521484, 1022.949219
40.039062, 4.882812, 983.398438
83.007812, -8.544922, 996.093750
79.101562, -28.076172, 987.304688
66.406250, -17.822266, 995.117188
87.890625, -8.544922, 979.003906
75.195312, 5.859375, 985.351562
57.617188, -16.357422, 991.210938
57.128906, -9.521484, 994.140625
75.195312, 27.343750, 975.585938
41.015625, -7.568359, 1018.554688
33.691406, 43.945312, 979.003906
7.324219, 5.859375, 992.187500
8.789062, 33.691406, 964.843750
-28.076172, 22.460938, 987.304688
-28.564453, 7.812500, 967.773438
-32.470703, 11.718750, 1030.273438
-42.724609, 32.714844, 996.093750
-50.537109, 27.343750, 941.406250
-42.724609, 20.507812, 983.398438
-84.716797, -23.193359, 992.187500
-94.970703, -21.240234, 997.558594
-110.595703, -44.677734, 1028.808594
-127.197266, 15.625000, 1038.085938
-,-,-
50.781250, 0.000000, 990.234375
145.507812, 5.859375, 1010.742188
92.773438, -16.357422, 977.050781
74.218750, -44.677734, 1019.531250
124.023438, 105.468750, 976.562500
83.984375, -32.470703, 972.656250
80.566406, -20.751953, 981.933594
58.593750, -14.404297, 996.093750
85.449219, -7.568359, 971.679688
61.523438, -24.169922, 951.171875
19.042969, 8.789062, 1017.578125
27.343750, 10.742188, 997.070312
16.113281, 0.488281, 964.843750
-7.080078, 34.667969, 1022.949219
-32.470703, 19.531250, 989.257812
-37.353516, 3.417969, 993.164062
-44.189453, 18.066406, 1004.394531
-41.748047, 28.320312, 981.933594
-37.353516, 23.437500, 972.656250
-62.255859, 28.320312, 998.046875
-46.142578, 48.339844, 1032.226562
-99.365234, 4.394531, 988.281250
-91.552734, 15.625000, 1022.460938
-103.759766, 26.367188, 1130.371094
-40.283203, -41.748047, 1054.199219
-110.595703, -83.251953, 1054.687500
-,-,-
68.359375, 30.273438, 974.609375
88.867188, 28.320312, 955.078125
51.757812, 41.992188, 1047.851562
76.660156, 87.890625, 980.957031
62.011719, 19.531250, 976.562500
84.960938, 16.113281, 1014.648438
111.816406, 54.687500, 969.726562
103.027344, 34.667969, 980.957031
109.863281, 17.578125, 957.519531
128.906250, 55.664062, 999.511719
139.648438, 54.687500, 1017.578125
90.820312, 48.339844, 964.843750
61.035156, 64.453125, 984.375000
61.523438, 31.250000, 992.187500
27.343750, 42.968750, 983.886719
0.488281, 58.593750, 993.164062
7.324219, 43.945312, 988.281250
-31.982422, 9.765625, 992.187500
-20.263672, 49.316406, 990.234375
-40.283203, 38.085938, 993.164062
-22.705078, 11.718750, 972.656250
-72.021484, -27.099609, 982.421875
-49.072266, 81.054688, 1000.000000
-69.091797, 51.269531, 999.023438
-89.599609, 4.882812, 986.328125
-40.771484, 46.386719, 1025.878906
-71.533203, 11.718750, 1032.226562
-29.052734, 33.691406, 1003.417969
-,-,-
35.156250, 22.460938, 945.312500
76.171875, 71.289062, 962.402344
104.492188, 24.414062, 1051.269531
146.484375, 52.734375, 975.585938
138.671875, 20.507812, 1006.835938
126.953125, 2.441406, 1012.695312
110.839844, 70.800781, 962.890625
119.140625, 52.734375, 980.957031
128.417969, 28.320312, 960.449219
99.609375, 32.714844, 982.910156
114.257812, 45.898438, 990.234375
92.285156, 30.273438, 977.539062
77.636719, 18.066406, 974.121094
66.406250, 39.550781, 1020.507812
58.105469, 21.972656, 985.351562
31.738281, 31.738281, 969.726562
34.179688, 33.691406, 992.187500
4.882812, 6.835938, 1009.765625
0.000000, 32.226562, 985.351562
-15.380859, 35.156250, 972.656250
-10.498047, 31.738281, 983.886719
1.464844, 12.695312, 979.980469
-12.451172, 55.664062, 985.839844
-22.705078, -28.076172, 983.398438
-30.029297, 1.464844, 987.304688
-38.330078, 21.972656, 1037.109375
-86.181641, 53.710938, 1144.531250
-,-,-
83.007812, -30.029297, 951.171875
118.652344, 43.945312, 1025.878906
146.972656, -56.396484, 999.023438
168.945312, -64.697266, 992.187500
174.316406, -16.357422, 994.140625
98.632812, -72.998047, 1015.625000
82.519531, 30.273438, 962.890625
95.214844, 5.859375, 956.542969
84.960938, -39.794922, 983.398438
107.421875, -1.220703, 988.281250
104.492188, -27.099609, 1014.648438
110.351562, -10.498047, 990.234375
56.152344, 15.625000, 1019.042969
61.523438, 21.484375, 1000.976562
-19.287109, -16.357422, 955.078125
-47.119141, 23.437500, 985.351562
-29.052734, 26.367188, 994.140625
-33.447266, 31.738281, 970.703125
-25.634766, 32.714844, 982.910156
-0.732422, 10.742188, 1010.742188
26.855469, 9.765625, 977.050781
-8.056641, 5.859375, 991.210938
35.156250, 34.667969, 1021.972656
33.203125, -11.474609, 989.257812
3.906250, 29.296875, 996.093750
-26.123047, -3.662109, 1035.156250
-25.634766, -16.357422, 1053.710938
-,-,-
40.039062, -6.591797, 1000.488281
37.109375, 45.898438, 979.980469
70.312500, -1.708984, 1008.300781
135.742188, 4.882812, 1025.878906
154.296875, -30.029297, 994.140625
134.277344, -23.193359, 981.933594
145.019531, 53.710938, 975.585938
144.531250, 23.437500, 975.585938
132.812500, 20.507812, 985.351562
85.449219, 41.992188, 1007.324219
100.585938, -9.521484, 991.210938
73.242188, 1.464844, 976.074219
35.156250, 32.714844, 1000.000000
47.851562, 54.687500, 956.542969
27.343750, -11.474609, 987.304688
23.437500, 24.414062, 987.304688
31.738281, 26.367188, 994.140625
30.273438, 4.882812, 990.234375
20.507812, 41.015625, 982.421875
-1.708984, -3.662109, 999.511719
8.789062, 12.695312, 985.351562
-9.033203, 3.417969, 981.445312
-20.263672, 18.554688, 982.910156
-27.099609, 22.460938, 995.117188
-37.353516, -1.708984, 991.210938
-23.681641, -1.708984, 973.632812
-59.326172, 14.160156, 998.046875
-64.208984, 2.441406, 991.210938
-139.404297, 0.488281, 1042.480469
-99.365234, -48.583984, 1062.500000
-,-,-
-70.556641, 11.718750, 981.445312
-49.072266, -26.123047, 1009.765625
-28.076172, 40.039062, 1019.531250
47.363281, -15.380859, 979.980469
63.964844, -18.798828, 990.234375
75.195312, 13.671875, 979.980469
76.660156, 13.183594, 1008.789062
113.281250, 43.945312, 980.957031
80.078125, -18.310547, 992.187500
83.496094, 23.437500, 1009.765625
86.425781, 20.019531, 992.187500
89.843750, -4.638672, 995.117188
89.843750, 30.761719, 1003.417969
118.164062, 38.085938, 966.796875
51.757812, 11.718750, 1007.812500
41.503906, 30.273438, 995.117188
18.066406, 19.042969, 975.097656
-28.076172, -3.662109, 981.933594
-83.740234, -5.615234, 1020.507812
-55.419922, -8.544922, 992.187500
-62.255859, 13.671875, 973.632812
-87.158203, -15.380859, 966.796875
-46.142578, 14.648438, 981.933594
-40.771484, -3.662109, 988.281250
-8.056641, 11.718750, 997.070312
-25.634766, 5.859375, 991.210938
8.300781, 33.691406, 979.980469
-8.056641, 12.695312, 1009.765625
-18.310547, -24.169922, 989.257812
-74.462891, -33.447266, 990.234375
-122.802734, 6.835938, 998.046875
-88.134766, 14.160156, 1018.066406
-85.693359, -35.888672, 1154.296875
-,-,-
23.925781, 9.765625, 989.257812
-10.986328, 18.066406, 966.796875
30.761719, 16.113281, 1002.441406
58.593750, -5.615234, 968.750000
101.074219, 0.488281, 979.980469
110.351562, -1.708984, 982.421875
75.195312, 46.875000, 1058.593750
75.195312, 31.738281, 951.171875
89.355469, 24.414062, 1000.000000
68.359375, -10.498047, 983.886719
71.777344, -3.662109, 978.027344
82.519531, -11.474609, 997.070312
60.546875, 5.859375, 982.421875
66.406250, -17.822266, 972.656250
21.972656, -6.591797, 998.535156
23.925781, -16.845703, 984.375000
13.671875, 16.601562, 970.703125
-18.310547, -29.052734, 1010.253906
1.464844, 16.113281, 979.003906
-16.845703, -9.521484, 993.164062
-10.498047, -10.498047, 997.070312
-36.865234, -18.310547, 979.003906
-30.029297, 6.835938, 985.351562
-43.701172, 19.531250, 987.304688
-43.701172, 5.859375, 965.820312
-36.376953, 9.765625, 999.023438
-24.658203, 4.394531, 999.023438
-46.142578, -67.626953, 986.328125
-53.955078, 24.414062, 1003.906250
-68.115234, -27.099609, 1014.648438
-22.216797, 14.160156, 1022.460938
8.789062, -49.560547, 988.281250
-,-,-
89.355469, 30.273438, 1021.972656
77.148438, 14.648438, 954.101562
53.710938, 22.460938, 979.980469
17.578125, -6.591797, 996.093750
47.363281, 52.734375, 1002.441406
65.429688, 0.488281, 986.816406
65.429688, -6.591797, 974.609375
35.156250, -15.869141, 996.093750
55.664062, -11.474609, 992.187500
48.339844, 3.417969, 993.164062
24.902344, 5.859375, 994.140625
20.507812, 19.042969, 976.562500
1.464844, -9.521484, 982.910156
-17.822266, 22.460938, 982.910156
-5.615234, 44.921875, 988.281250
-19.287109, -20.751953, 973.632812
6.835938, 7.324219, 993.164062
-39.306641, -14.892578, 985.351562
-22.216797, 3.417969, 1002.441406
-18.798828, -16.845703, 989.257812
-8.056641, -2.685547, 1000.000000
-18.798828, -3.662109, 996.093750
2.441406, -51.025391, 936.035156
-7.080078, 0.488281, 985.351562
-8.056641, -22.216797, 982.910156
-7.080078, -15.869141, 960.937500
-47.119141, 20.507812, 983.886719
-14.892578, 31.250000, 993.164062
-33.935547, 20.019531, 1008.300781
-17.822266, -19.287109, 1005.371094
4.394531, -54.443359, 1005.859375
-31.982422, -1.708984, 1020.019531
-,-,-
-1.708984, 56.640625, 1008.789062
-1.220703, -58.349609, 1020.507812
5.371094, -29.052734, 989.257812
25.390625, -30.029297, 1002.441406
46.875000, -30.029297, 985.351562
32.226562, -26.123047, 1009.765625
63.964844, -35.888672, 997.070312
63.476562, -11.962891, 973.632812
68.359375, -10.498047, 985.351562
77.148438, -24.169922, 998.046875
69.335938, -19.287109, 984.375000
87.402344, -21.240234, 982.421875
88.867188, 0.488281, 998.046875
71.777344, -1.220703, 981.933594
25.390625, -21.240234, 1016.601562
32.714844, 3.906250, 971.679688
17.578125, 25.390625, 998.046875
8.789062, -17.822266, 993.164062
-5.615234, 0.000000, 973.632812
-33.935547, 3.417969, 1003.417969
-8.056641, 0.488281, 996.093750
-22.216797, -7.568359, 982.421875
-12.451172, 6.347656, 992.187500
-32.958984, -20.263672, 987.304688
0.488281, -8.544922, 980.957031
-8.056641, -17.822266, 994.140625
2.929688, -16.845703, 971.679688
-27.099609, -12.451172, 998.046875
-14.404297, -31.005859, 976.562500
-83.740234, -50.048828, 985.351562
-30.517578, -11.474609, 989.257812
-65.185547, -24.169922, 996.093750
-56.884766, -22.216797, 1009.765625
-83.251953, -29.052734, 1054.199219
-70.556641, -48.095703, 1130.371094
-,-,-
-4.150391, -40.771484, 981.445312
-52.978516, 0.488281, 967.773438
10.742188, 0.488281, 1035.156250
30.761719, -51.025391, 987.304688
73.242188, -48.583984, 979.980469
115.234375, -59.326172, 1018.554688
73.730469, -59.326172, 1007.812500
107.421875, -8.544922, 994.140625
87.402344, -22.216797, 979.003906
85.937500, -28.076172, 985.351562
87.890625, -49.072266, 989.257812
69.335938, 11.718750, 984.375000
51.757812, -54.931641, 973.632812
32.714844, -32.958984, 995.117188
21.484375, -35.400391, 999.023438
16.113281, -41.748047, 972.656250
23.925781, -2.685547, 1006.835938
14.648438, -16.845703, 1000.000000
1.464844, -14.404297, 970.703125
11.718750, -31.982422, 1003.417969
32.714844, -31.494141, 975.585938
17.578125, -51.025391, 989.257812
-10.498047, -5.615234, 966.796875
-59.326172, -31.982422, 1048.828125
-20.263672, 11.718750, 956.542969
-72.021484, -1.708984, 1010.742188
-94.970703, 12.695312, 977.539062
-56.884766, -15.380859, 981.933594
-53.955078, -12.451172, 1012.695312
-85.205078, -64.208984, 1043.457031
-,-,-
-61.279297, -76.904297, 964.843750
-102.783203, 49.316406, 1040.039062
-62.255859, -69.580078, 978.027344
-77.392578, -26.123047, 954.101562
-14.404297, -17.822266, 1009.765625
50.781250, -54.443359, 1011.718750
79.589844, -12.451172, 972.656250
88.867188, -31.982422, 1053.710938
94.238281, -17.333984, 966.796875
106.445312, -15.380859, 1003.417969
128.417969, -21.240234, 986.328125
110.351562, -34.423828, 990.234375
107.421875, -34.423828, 979.003906
98.632812, -16.357422, 1017.578125
82.031250, -35.888672, 953.125000
29.296875, -31.005859, 990.234375
8.300781, -31.005859, 983.886719
22.460938, -17.822266, 996.093750
-37.841797, -25.146484, 990.234375
-23.193359, -40.771484, 979.003906
-38.330078, -38.818359, 978.027344
-39.306641, -29.052734, 980.957031
-32.470703, -13.427734, 1001.464844
-48.095703, -29.052734, 989.257812
-40.283203, -14.404297, 974.609375
-32.470703, -12.939453, 961.425781
-43.701172, -6.591797, 999.023438
-16.845703, 19.042969, 975.097656
-19.287109, 21.484375, 988.769531
-33.447266, 20.507812, 1061.523438
-48.095703, -12.451172, 1118.164062
-,-,-
74.218750, 1.464844, 970.703125
109.375000, 36.132812, 999.023438
135.253906, -15.380859, 990.234375
106.933594, -74.951172, 973.632812
108.398438, 23.437500, 1031.250000
83.984375, 10.742188, 971.679688
108.398438, -6.591797, 974.609375
43.945312, -9.521484, 979.003906
48.828125, -23.193359, 984.375000
51.757812, 8.789062, 991.210938
48.339844, -31.982422, 968.750000
32.226562, -14.404297, 997.070312
13.671875, -22.216797, 987.304688
19.042969, 5.859375, 982.910156
-10.498047, 12.695312, 992.187500
-4.638672, 20.019531, 979.003906
-6.103516, 22.460938, 1010.742188
-12.939453, 0.488281, 979.980469
-10.498047, 4.394531, 997.070312
-21.240234, 23.437500, 1000.000000
1.464844, -29.052734, 968.750000
20.996094, -14.892578, 972.656250
21.972656, -1.220703, 1001.464844
52.734375, -2.197266, 979.980469
51.757812, -1.220703, 983.886719
68.359375, 0.488281, 984.375000
22.460938, 2.441406, 1045.410156
38.574219, -28.076172, 1030.761719
-33.447266, -12.939453, 1141.601562
-,-,-
93.261719, -2.197266, 1007.812500
77.636719, 26.367188, 954.101562
108.398438, -6.591797, 1054.687500
94.238281, -26.123047, 976.562500
79.589844, 12.695312, 1011.718750
114.746094, 7.812500, 991.210938
108.398438, 7.812500, 963.867188
86.425781, -0.732422, 992.187500
93.261719, -1.708984, 982.910156
83.984375, 1.464844, 997.070312
65.429688, 9.765625, 977.050781
79.101562, 22.460938, 988.281250
80.078125, -2.685547, 997.070312
62.988281, -12.451172, 987.304688
21.484375, 5.859375, 986.328125
62.988281, 38.085938, 990.234375
55.175781, -11.474609, 983.398438
23.925781, -21.240234, 984.375000
25.390625, 6.835938, 993.164062
12.695312, -16.845703, 1007.812500
16.113281, -10.498047, 972.656250
10.742188, -0.732422, 999.511719
-2.197266, -19.775391, 982.421875
-25.146484, -8.544922, 979.980469
-0.244141, 1.953125, 987.304688
0.000000, -6.591797, 1002.441406
16.113281, 30.273438, 978.027344
-26.611328, -19.775391, 1020.507812
-1.708984, -5.615234, 994.140625
-40.283203, 18.066406, 1061.523438
-,-,-
124.023438, 12.695312, 993.164062
117.675781, -9.521484, 991.210938
122.070312, -16.357422, 990.234375
74.218750, -27.099609, 1011.718750
85.937500, -6.591797, 955.566406
85.449219, -34.423828, 962.890625
86.425781, -33.935547, 990.234375
97.167969, -30.029297, 983.398438
86.914062, -6.591797, 992.187500
83.007812, -34.912109, 990.234375
67.382812, -39.794922, 979.003906
39.550781, -16.357422, 996.093750
30.273438, -3.662109, 992.187500
22.949219, -34.423828, 1009.765625
-8.056641, -9.521484, 993.164062
-48.095703, -23.193359, 972.656250
-45.654297, -39.794922, 988.281250
-10.009766, -13.427734, 1006.835938
-18.310547, -20.751953, 969.726562
17.089844, -5.126953, 988.281250
3.906250, -34.912109, 996.093750
24.902344, -16.845703, 966.796875
20.019531, -25.146484, 1003.417969
24.414062, -9.521484, 986.328125
-59.326172, -34.912109, 1049.804688
-63.720703, -54.443359, 1020.507812
-,-,-
103.027344, 25.390625, 1031.250000
110.839844, 9.765625, 1029.296875
100.097656, -26.123047, 952.148438
101.074219, -30.029297, 965.820312
71.777344, -59.326172, 1027.343750
24.902344, -3.662109, 961.425781
65.429688, -16.357422, 953.125000
61.523438, -19.287109, 991.210938
60.546875, -21.728516, 982.910156
70.312500, 0.976562, 966.796875
74.707031, -7.568359, 989.257812
71.289062, -18.310547, 979.980469
83.007812, -5.615234, 996.093750
69.335938, -30.029297, 1002.441406
43.945312, 0.000000, 967.773438
31.738281, -22.216797, 993.164062
5.371094, -15.869141, 970.703125
-30.029297, -12.451172, 1003.417969
0.488281, 7.812500, 973.632812
-23.681641, -35.400391, 1023.925781
-12.451172, -24.169922, 987.304688
-2.685547, -29.052734, 978.027344
9.277344, -22.216797, 998.046875
7.324219, -27.099609, 983.398438
8.300781, -21.240234, 1007.812500
-8.056641, -37.841797, 1027.343750
-4.150391, -29.052734, 1014.648438
-43.701172, -42.724609, 1043.457031
-,-,-
67.382812, 7.812500, 958.007812
78.613281, 15.625000, 1013.671875
77.148438, 15.625000, 988.281250
43.945312, -32.958984, 1022.460938
17.578125, 25.390625, 985.839844
50.781250, 10.742188, 979.980469
69.335938, 17.089844, 981.445312
72.753906, -19.287109, 997.070312
76.171875, 3.417969, 979.980469
78.125000, -14.404297, 974.609375
70.312500, 4.882812, 990.234375
87.402344, 4.394531, 987.304688
50.781250, 2.441406, 982.910156
56.152344, 1.464844, 990.234375
34.179688, 3.906250, 988.281250
40.039062, 3.906250, 984.375000
32.226562, 13.183594, 1000.976562
19.531250, 7.812500, 996.093750
18.554688, 14.160156, 980.957031
-1.708984, -5.615234, 989.257812
-0.244141, -1.220703, 979.980469
-6.103516, -22.216797, 987.304688
-0.244141, -27.099609, 980.957031
-11.474609, -32.958984, 998.535156
-6.103516, -23.193359, 1005.859375
17.089844, -1.708984, 1010.253906
-0.732422, -23.193359, 996.093750
17.578125, -16.845703, 994.140625
-5.615234, -45.654297, 999.023438
-63.232422, -15.380859, 1103.515625
-,-,-
48.828125, -18.798828, 1021.484375
55.175781, 31.250000, 1007.324219
73.242188, 23.437500, 993.164062
85.937500, -12.939453, 956.054688
48.828125, -26.123047, 1019.531250
48.828125, 34.667969, 993.164062
48.828125, 25.390625, 987.304688
42.968750, 31.250000, 980.957031
29.785156, 9.765625, 997.070312
22.949219, 31.250000, 994.140625
36.621094, 27.343750, 976.562500
32.714844, 8.789062, 991.210938
38.574219, 27.343750, 997.070312
29.296875, -9.521484, 958.496094
26.367188, 15.136719, 991.210938
18.554688, 13.671875, 986.328125
0.976562, -8.544922, 980.957031
4.882812, 20.996094, 973.632812
-13.427734, 29.296875, 1009.765625
-14.404297, 15.625000, 979.003906
-1.220703, 18.554688, 983.398438
15.136719, -8.544922, 984.863281
30.273438, -2.685547, 982.910156
29.785156, 1.464844, 996.093750
63.964844, 23.437500, 994.140625
66.894531, 0.488281, 987.304688
78.125000, 30.273438, 979.003906
31.738281, -6.591797, 1017.578125
34.179688, -41.748047, 967.773438
37.109375, -18.798828, 988.281250
2.441406, -11.474609, 985.351562
-64.697266, -22.216797, 1043.457031
-92.529297, -24.169922, 1026.855469
-131.591797, -67.626953, 970.703125
-,-,-
21.972656, 73.242188, 1017.578125
21.972656, 57.617188, 1010.742188
49.804688, -33.935547, 993.164062
75.195312, 10.742188, 1022.949219
62.011719, 36.132812, 979.980469
90.820312, 39.062500, 955.078125
105.468750, 27.343750, 987.304688
99.609375, 17.089844, 985.351562
107.421875, -1.220703, 998.046875
109.375000, 23.437500, 987.304688
116.210938, 0.488281, 970.703125
89.843750, 3.417969, 997.070312
122.070312, 19.042969, 987.304688
120.117188, 7.812500, 982.421875
108.398438, -2.197266, 989.257812
94.238281, 25.390625, 985.351562
75.195312, -21.240234, 990.234375
53.710938, 9.765625, 993.164062
47.851562, -16.845703, 978.515625
39.550781, -24.169922, 990.234375
58.593750, -15.380859, 971.679688
75.195312, -12.939453, 984.375000
52.734375, -20.751953, 988.281250
51.757812, 0.976562, 981.445312
52.734375, -12.939453, 959.472656
-13.427734, 0.488281, 1009.765625
-38.330078, 25.390625, 1017.089844
-134.521484, 30.273438, 1060.546875
-,-,-
2.929688, -15.869141, 972.656250
30.273438, -14.404297, 984.375000
42.968750, -6.591797, 967.773438
78.125000, -69.580078, 977.539062
64.453125, -76.904297, 1033.203125
83.007812, -36.865234, 997.070312
115.234375, 1.953125, 962.890625
115.234375, -22.705078, 973.144531
120.605469, -34.912109, 1002.441406
116.210938, -3.662109, 973.632812
115.234375, -2.685547, 990.234375
119.140625, -6.591797, 972.656250
75.195312, -9.521484, 991.210938
59.570312, 0.488281, 998.046875
42.968750, -6.591797, 988.281250
9.765625, -23.193359, 969.726562
-8.056641, -21.240234, 997.070312
-6.103516, -39.794922, 995.117188
-29.052734, -10.498047, 976.074219
-22.216797, -3.662109, 1016.601562
6.347656, -51.025391, 1006.835938
20.996094, -42.724609, 977.539062
19.531250, -32.470703, 952.148438
17.089844, -35.400391, 997.070312
2.929688, -45.654297, 992.187500
-39.794922, -33.447266, 1001.464844
-115.966797, -15.869141, 1080.078125
-,-,-
21.484375, 2.441406, 956.054688
11.718750, 38.085938, 963.867188
54.199219, 20.996094, 1016.601562
101.562500, 2.441406, 979.003906
128.417969, 13.671875, 972.656250
132.812500, 2.441406, 1025.878906
111.816406, -15.380859, 1005.859375
126.464844, 21.484375, 983.398438
121.582031, 26.367188, 976.562500
106.933594, -23.193359, 1003.417969
66.406250, 39.062500, 987.304688
64.941406, -18.798828, 976.074219
61.523438, -8.544922, 977.050781
47.363281, -2.685547, 973.632812
41.992188, -5.615234, 989.257812
26.367188, 24.414062, 1008.789062
23.925781, 8.789062, 954.101562
19.531250, -7.568359, 1010.742188
17.578125, 17.089844, 999.511719
19.531250, -0.244141, 965.820312
12.695312, 7.812500, 993.164062
16.113281, 3.906250, 1011.718750
20.507812, 19.531250, 985.839844
18.066406, 4.882812, 995.117188
26.367188, 26.367188, 976.562500
25.878906, -15.380859, 997.070312
-5.615234, -23.193359, 1002.441406
-19.287109, -26.123047, 996.582031
1.464844, -52.490234, 1016.601562
-,-,-
-5.615234, 38.085938, 982.910156
33.691406, 31.738281, 980.957031
57.128906, 30.761719, 996.093750
103.515625, -17.333984, 976.562500
110.839844, -28.076172, 1014.648438
126.464844, -4.150391, 1017.578125
166.015625, 54.687500, 977.539062
154.296875, 36.621094, 977.539062
123.046875, -7.568359, 995.117188
112.792969, 20.019531, 959.472656
106.933594, 27.343750, 981.933594
98.632812, 5.859375, 973.632812
77.636719, -17.333984, 996.093750
74.218750, -2.685547, 978.027344
56.152344, -7.568359, 976.562500
80.078125, 16.113281, 992.187500
77.148438, -10.498047, 998.046875
69.335938, 19.042969, 978.027344
35.156250, 2.929688, 995.117188
41.992188, -9.521484, 997.070312
21.972656, -18.798828, 981.933594
34.179688, 15.136719, 979.003906
9.765625, -0.732422, 1010.742188
4.882812, -21.240234, 1057.617188
33.691406, -72.021484, 994.140625
17.578125, -31.982422, 933.593750
-42.724609, 50.292969, 975.585938
-64.697266, 27.343750, 998.046875
-115.966797, 5.371094, 1008.789062
-59.814453, -7.568359, 1005.859375
-,-,-
21.484375, -18.310547, 1039.062500
56.152344, -59.326172, 945.312500
90.820312, 0.488281, 1005.371094
144.042969, -3.662109, 1003.417969
137.695312, -41.748047, 991.210938
124.511719, -15.380859, 986.328125
104.003906, 44.921875, 987.304688
99.609375, -31.005859, 975.585938
68.359375, -2.197266, 995.117188
69.824219, -5.615234, 997.070312
95.214844, -33.447266, 976.562500
47.851562, -8.544922, 992.187500
52.734375, -58.349609, 999.023438
39.062500, -11.474609, 987.304688
48.339844, -0.244141, 979.980469
6.347656, -20.263672, 990.234375
15.136719, -14.404297, 979.980469
1.953125, -18.798828, 986.328125
-10.009766, -5.615234, 1012.695312
18.554688, -21.240234, 965.820312
29.296875, 19.531250, 970.703125
21.972656, 1.464844, 1017.578125
33.691406, -35.888672, 978.515625
28.320312, -15.869141, 984.375000
6.835938, -8.544922, 1018.554688
-28.564453, -20.751953, 1008.789062
-53.955078, 6.835938, 1005.371094
-99.365234, 12.695312, 988.281250
-155.029297, -15.380859, 1132.324219
-,-,-
22.949219, 8.789062, 991.210938
5.371094, 61.523438, 1077.148438
30.273438, -12.451172, 971.679688
52.734375, -19.287109, 959.472656
82.031250, -3.662109, 1027.343750
92.285156, 17.089844, 984.375000
114.746094, 50.292969, 967.773438
131.347656, 10.742188, 988.281250
121.093750, 0.488281, 998.046875
120.117188, 10.742188, 970.703125
107.421875, 20.019531, 983.398438
112.792969, 17.578125, 981.933594
80.566406, -16.357422, 980.957031
104.003906, -10.498047, 1006.835938
71.777344, -12.451172, 980.957031
62.988281, 4.394531, 983.398438
61.523438, -7.568359, 976.562500
44.433594, -11.474609, 1010.742188
36.621094, 5.859375, 971.679688
14.648438, -20.263672, 982.910156
-4.638672, -22.216797, 1009.765625
-32.958984, -18.798828, 987.304688
-22.216797, -0.244141, 975.097656
-44.677734, -18.798828, 1003.417969
-43.212891, -6.591797, 982.910156
-13.427734, -15.869141, 1014.160156
-19.287109, -8.544922, 985.351562
-8.056641, -31.005859, 1013.671875
-8.544922, -23.193359, 988.281250
-50.537109, -34.423828, 1039.062500
-41.748047, -88.134766, 1055.664062
-,-,-
37.597656, -1.220703, 991.210938
65.429688, 43.945312, 927.734375
95.214844, 23.437500, 1040.039062
107.421875, 31.250000, 990.234375
116.210938, -2.685547, 998.046875
76.171875, 30.273438, 1019.531250
81.054688, 56.640625, 980.957031
100.585938, 12.695312, 962.890625
78.613281, -7.568359, 994.140625
73.242188, 7.812500, 975.585938
89.843750, 20.019531, 979.980469
99.609375, 15.625000, 976.562500
82.031250, -8.544922, 984.375000
81.054688, 41.015625, 998.046875
74.218750, 25.390625, 989.257812
79.589844, 25.390625, 985.351562
41.503906, 8.789062, 985.351562
55.175781, 32.226562, 998.046875
28.320312, 16.113281, 1009.277344
0.488281, 7.812500, 986.328125
-11.962891, 27.343750, 982.421875
-13.427734, 2.929688, 984.375000
-35.888672, 15.136719, 986.328125
-81.787109, -2.685547, 969.726562
-74.951172, 7.812500, 978.027344
-95.947266, -34.912109, 1037.109375
-50.537109, -18.310547, 1011.718750
-42.724609, -48.583984, 985.351562
-59.326172, -62.255859, 1003.417969
-38.330078, -42.724609, 1073.730469
-,-,-
-8.056641, 28.320312, 967.773438
14.648438, 22.460938, 991.210938
37.597656, 41.015625, 1003.417969
89.843750, 7.812500, 976.074219
89.843750, 13.183594, 991.210938
84.960938, -2.685547, 993.164062
97.656250, 13.671875, 974.609375
107.421875, 17.089844, 972.656250
116.210938, -19.775391, 979.980469
117.675781, -6.591797, 989.257812
132.324219, -10.498047, 977.050781
123.046875, -15.380859, 977.539062
138.671875, -17.333984, 982.421875
116.210938, -18.798828, 991.210938
110.351562, -27.099609, 997.070312
55.175781, -38.330078, 978.027344
78.125000, -21.240234, 981.933594
53.222656, -31.005859, 1003.417969
62.988281, -19.287109, 993.164062
59.082031, -1.708984, 966.796875
19.531250, -51.025391, 996.093750
23.925781, -2.685547, 1053.710938
-15.380859, -10.498047, 951.171875
-95.947266, -5.615234, 1093.750000
-119.384766, -15.380859, 1026.855469
-133.544922, -40.771484, 1006.835938
-96.435547, -51.513672, 1027.832031
-,-,-
-57.373047, -12.939453, 981.933594
-40.771484, 82.031250, 997.558594
16.113281, 21.972656, 975.585938
69.335938, 20.996094, 1008.300781
92.285156, 1.464844, 970.703125
58.105469, 1.464844, 995.117188
50.292969, 22.460938, 1011.718750
95.214844, -11.474609, 973.632812
89.355469, -19.287109, 974.609375
75.195312, -0.732422, 992.187500
67.382812, 7.812500, 997.558594
82.031250, 13.183594, 979.980469
75.195312, 29.296875, 1005.371094
57.128906, 31.250000, 989.257812
81.054688, 37.109375, 993.164062
34.179688, 1.953125, 992.187500
30.273438, 30.273438, 989.257812
24.902344, 26.367188, 976.562500
12.695312, 3.417969, 980.957031
-10.498047, 46.875000, 976.562500
-27.099609, 15.136719, 983.886719
-55.908203, 13.671875, 971.679688
-52.490234, -36.865234, 991.210938
-33.935547, -2.685547, 979.980469
-33.447266, -8.544922, 975.585938
-37.353516, -2.197266, 962.402344
-32.470703, -59.326172, 940.917969
-38.330078, -17.822266, 1017.089844
-53.955078, -9.521484, 1028.808594
-116.943359, -34.912109, 1148.437500
-,-,-
41.015625, 20.507812, 957.519531
31.738281, 11.718750, 983.398438
35.644531, -31.005859, 960.449219
63.964844, -14.892578, 1011.718750
94.238281, -48.095703, 998.046875
83.007812, -34.423828, 994.140625
80.566406, -19.287109, 986.328125
73.730469, -17.822266, 999.023438
69.335938, 4.882812, 962.402344
72.265625, -37.841797, 992.187500
31.738281, -27.099609, 976.074219
31.738281, -21.240234, 988.281250
20.507812, -39.794922, 982.421875
26.367188, -22.216797, 991.210938
15.136719, 5.859375, 986.328125
30.273438, -45.654297, 979.980469
31.738281, -17.822266, 1004.394531
17.578125, -27.099609, 980.957031
27.343750, -19.287109, 980.957031
35.156250, -15.380859, 969.726562
35.156250, -14.404297, 993.164062
17.578125, -40.771484, 1002.441406
3.906250, -23.193359, 988.281250
2.441406, 3.906250, 994.140625
-19.287109, -14.404297, 974.609375
-9.033203, -11.962891, 988.281250
-28.076172, -23.193359, 989.257812
-28.076172, -16.357422, 1012.695312
1.464844, -29.541016, 933.105469
7.324219, -16.845703, 998.046875
-8.056641, -30.029297, 1040.039062
-12.451172, -39.794922, 1030.273438
-52.978516, -76.904297, 1019.531250
-,-,-
53.222656, 22.460938, 971.679688
19.531250, 52.734375, 1056.640625
60.546875, 44.921875, 987.304688
129.394531, 23.437500, 1011.718750
113.769531, -26.123047, 1000.000000
41.503906, 30.761719, 1012.695312
32.714844, 82.519531, 964.843750
45.410156, -10.498047, 970.703125
20.507812, 12.695312, 984.863281
38.574219, 18.066406, 1003.906250
59.570312, 35.156250, 984.375000
77.636719, 44.921875, 982.910156
30.761719, 24.414062, 995.117188
50.781250, 40.039062, 982.421875
25.878906, 21.484375, 969.726562
8.789062, 21.484375, 982.910156
6.347656, 22.460938, 1000.000000
11.718750, 8.789062, 991.210938
-1.708984, 15.136719, 972.656250
-32.958984, -10.498047, 992.187500
-23.681641, -22.705078, 981.933594
-46.630859, -15.869141, 991.210938
-83.251953, -33.447266, 989.257812
-19.775391, -13.427734, 984.375000
-72.509766, -28.076172, 999.511719
-80.322266, -18.310547, 997.558594
-130.615234, -42.724609, 1116.210938
-,-,-
16.113281, 5.859375, 982.910156
15.136719, 68.847656, 991.210938
70.800781, 24.414062, 1013.671875
77.636719, -10.498047, 983.398438
77.148438, -13.427734, 1021.972656
76.171875, -6.591797, 1012.695312
118.652344, 16.601562, 946.289062
112.792969, 8.789062, 965.820312
85.937500, 2.441406, 989.257812
88.867188, 24.414062, 991.210938
82.031250, -0.244141, 973.632812
67.382812, 16.601562, 985.351562
51.757812, 8.789062, 971.679688
35.156250, 3.417969, 986.328125
20.996094, 21.484375, 1026.855469
15.625000, -4.638672, 986.328125
10.742188, 16.113281, 980.957031
-13.427734, 7.812500, 1015.625000
-26.123047, 38.085938, 970.703125
-72.021484, 7.812500, 982.421875
-58.349609, 8.789062, 999.511719
-45.654297, 16.601562, 956.054688
-70.068359, 0.488281, 984.375000
-50.048828, -31.005859, 1019.531250
-23.681641, 12.695312, 988.281250
-42.724609, -12.451172, 964.355469
-63.720703, 8.789062, 987.304688
-67.138672, 1.953125, 996.093750
-12.451172, -20.263672, 1004.882812
-,-,-
14.160156, 51.269531, 986.328125
26.367188, 34.667969, 999.023438
89.843750, 14.648438, 991.210938
92.285156, 6.835938, 960.449219
104.492188, 14.648438, 1030.273438
74.218750, -42.724609, 985.351562
84.960938, 34.667969, 964.843750
100.585938, 19.042969, 988.281250
109.375000, 18.066406, 953.125000
79.589844, 7.812500, 1018.554688
74.218750, 60.546875, 985.351562
66.406250, 37.109375, 973.632812
63.964844, -0.244141, 1011.718750
52.734375, -5.615234, 1001.464844
41.503906, 50.781250, 989.257812
24.902344, 21.972656, 979.980469
-7.080078, 13.183594, 1015.625000
-0.732422, 41.992188, 975.585938
-43.701172, 57.617188, 965.820312
-10.009766, 61.523438, 997.070312
-42.724609, -15.380859, 993.164062
1.953125, 1.464844, 998.046875
-6.103516, 25.390625, 961.425781
18.066406, 9.765625, 977.050781
-49.560547, -15.869141, 1000.976562
-84.228516, -37.841797, 1037.109375
-93.505859, -0.244141, 1146.484375
-,-,-
35.644531, 20.019531, 931.640625
44.433594, 72.265625, 1050.781250
75.683594, 72.265625, 1004.394531
123.046875, 29.296875, 963.867188
141.113281, 31.250000, 1006.835938
102.050781, 50.292969, 1010.253906
104.980469, 29.785156, 966.796875
103.027344, 17.089844, 995.117188
68.359375, 7.812500, 1010.742188
67.382812, 36.132812, 958.007812
65.429688, 48.828125, 965.820312
75.195312, 31.250000, 972.656250
54.199219, 15.136719, 995.117188
27.343750, -8.544922, 973.632812
-20.263672, -16.845703, 1000.000000
-14.404297, 17.089844, 986.328125
-15.869141, 9.765625, 994.140625
-41.748047, -10.498047, 980.957031
-56.396484, -37.841797, 995.117188
-56.884766, -23.193359, 996.093750
-39.306641, -9.521484, 979.003906
-46.630859, -21.240234, 989.257812
-42.724609, -52.490234, 1008.789062
-25.146484, -19.287109, 979.003906
-78.369141, -52.490234, 1000.488281
-51.513672, -39.794922, 983.886719
-46.630859, -27.099609, 1000.488281
-93.994141, -31.005859, 1055.664062
-49.072266, -48.583984, 1017.578125
-,-,-
103.027344, 19.042969, 962.402344
118.652344, 33.691406, 1019.531250
150.878906, -0.244141, 988.281250
141.113281, 32.714844, 967.773438
95.214844, -38.818359, 1040.039062
68.847656, 7.812500, 983.398438
102.050781, 24.414062, 954.101562
91.308594, -3.173828, 990.234375
65.429688, 24.414062, 994.140625
48.339844, -1.708984, 973.632812
41.015625, 26.367188, 1010.742188
22.460938, 21.972656, 962.890625
13.671875, 17.089844, 999.511719
10.253906, 44.921875, 965.820312
-5.126953, 25.390625, 976.562500
8.300781, 24.414062, 987.304688
7.324219, 12.695312, 1001.464844
5.859375, 10.742188, 1014.648438
-31.005859, 14.160156, 984.863281
-34.423828, 9.765625, 988.281250
-13.427734, 14.648438, 974.609375
-6.103516, -1.708984, 1010.742188
-28.076172, 13.671875, 1018.554688
-22.216797, -22.216797, 991.210938
-1.708984, -7.568359, 992.187500
-12.451172, -11.474609, 1017.578125
-30.029297, -6.591797, 1021.484375
-9.521484, -48.095703, 1028.320312
-,-,-
75.195312, -0.732422, 1006.835938
98.632812, 30.273438, 1019.531250
102.539062, -48.095703, 1039.062500
109.375000, 28.320312, 973.632812
110.839844, 4.882812, 957.031250
123.046875, -34.423828, 957.031250
125.488281, -30.029297, 994.140625
107.421875, -27.099609, 1003.417969
119.628906, -6.591797, 972.167969
104.980469, -31.005859, 983.398438
87.890625, -31.982422, 991.210938
70.800781, -30.029297, 987.304688
48.828125, -34.423828, 989.257812
51.269531, -31.982422, 990.234375
41.992188, -50.048828, 992.187500
18.554688, -57.373047, 997.070312
12.695312, -18.798828, 990.234375
8.789062, -68.115234, 994.140625
14.160156, -44.677734, 970.703125
20.996094, -37.841797, 997.070312
28.320312, -40.771484, 988.281250
11.718750, -57.373047, 966.796875
-10.009766, -43.701172, 987.304688
7.324219, -59.326172, 1011.718750
13.671875, -62.255859, 984.863281
0.488281, -54.443359, 1012.695312
79.589844, 18.554688, 1002.441406
41.992188, -36.376953, 1182.617188
-,-,-
41.992188, -31.005859, 962.890625
32.226562, 36.132812, 1010.253906
116.210938, -10.498047, 1037.109375
140.625000, -20.751953, 989.257812
127.441406, -48.095703, 1036.132812
90.820312, -51.025391, 1007.812500
100.585938, 16.113281, 969.726562
104.980469, -31.494141, 1002.441406
77.148438, -3.173828, 961.914062
63.964844, -16.845703, 988.281250
65.429688, -28.076172, 986.328125
45.410156, -1.220703, 997.070312
39.550781, 12.695312, 996.093750
-18.798828, -3.662109, 981.933594
-10.498047, 26.367188, 986.328125
-29.052734, 0.000000, 1016.601562
-28.076172, 35.644531, 988.281250
-95.458984, -34.423828, 964.843750
-71.533203, -10.498047, 978.515625
-77.880859, 24.414062, 997.070312
-41.748047, 14.160156, 1000.000000
-42.724609, -21.240234, 1000.488281
-9.521484, 2.441406, 993.164062
-71.044922, -1.220703, 1005.371094
-26.123047, -30.029297, 1000.000000
-65.673828, -54.443359, 989.257812
-43.701172, -32.958984, 1083.984375
-,-,-
104.492188, -15.380859, 1042.968750
100.097656, -39.794922, 982.421875
69.335938, -56.396484, 1026.855469
57.128906, -3.662109, 996.093750
58.105469, 4.394531, 959.472656
83.984375, -27.099609, 993.164062
63.964844, -41.748047, 970.703125
68.847656, -38.330078, 1004.394531
69.335938, -15.380859, 1003.417969
74.218750, -12.451172, 988.281250
41.503906, -31.005859, 994.140625
37.597656, 1.953125, 990.234375
-2.685547, 22.460938, 995.117188
3.906250, -0.244141, 992.187500
-10.498047, 16.601562, 985.839844
-5.615234, 22.949219, 1001.464844
-10.498047, -0.732422, 979.003906
-43.701172, -15.869141, 985.351562
-50.537109, -9.521484, 975.585938
-60.302734, -17.822266, 982.910156
-109.619141, 5.371094, 990.234375
-95.458984, 26.367188, 998.046875
-96.435547, -17.822266, 984.375000
-76.904297, -12.451172, 985.351562
-143.798828, -19.775391, 1055.664062
-58.349609, -33.447266, 1042.480469
-,-,-
60.546875, 21.484375, 1008.789062
82.031250, 3.906250, 1030.273438
20.507812, -18.310547, 973.632812
37.109375, -40.771484, 979.980469
22.460938, 0.488281, 979.003906
102.539062, -23.193359, 1013.671875
113.769531, -22.216797, 966.796875
94.238281, -30.029297, 999.023438
103.027344, -41.748047, 975.585938
107.421875, -31.005859, 966.796875
88.378906, -35.400391, 972.656250
64.941406, -48.583984, 994.140625
52.734375, -67.626953, 998.046875
15.625000, -69.580078, 1019.531250
0.488281, -72.021484, 982.421875
-7.080078, -79.833984, 977.539062
-11.474609, -81.787109, 1000.976562
-27.099609, -97.412109, 923.828125
0.976562, -48.583984, 1029.296875
28.320312, -92.529297, 1037.109375
67.382812, -42.724609, 969.726562
77.636719, -80.810547, 992.187500
64.453125, -58.349609, 992.187500
82.031250, -55.419922, 1009.765625
63.964844, -46.142578, 1002.441406
6.835938, -46.142578, 988.281250
-29.052734, -72.021484, 1001.464844
-,-,-
55.175781, -51.025391, 1024.902344
87.402344, -29.052734, 981.933594
114.257812, -11.474609, 985.839844
165.527344, -33.447266, 1005.859375
155.273438, -31.982422, 973.632812
183.593750, -13.427734, 968.750000
168.457031, -39.794922, 991.210938
157.714844, -17.822266, 974.609375
146.484375, -25.146484, 1004.882812
138.671875, -44.677734, 959.472656
119.628906, -31.005859, 973.632812
74.218750, -88.623047, 987.304688
55.175781, -35.888672, 1010.253906
-22.216797, -43.701172, 1014.648438
-25.634766, -11.474609, 1015.625000
-30.029297, -83.251953, 956.542969
-37.353516, 21.484375, 949.218750
-49.560547, 1.464844, 949.218750
-37.841797, -12.451172, 961.914062
23.925781, -80.810547, 1023.925781
11.230469, -97.412109, 1014.648438
29.785156, -96.435547, 1012.695312
8.300781, -77.880859, 998.535156
-75.927734, -87.646484, 1018.554688
-112.060547, -104.248047, 1137.695312
